0 0.6982421875 0.3974609375 0.068359375 0.0859375
0 0.779296875 0.4921875 0.025390625 0.037109375
0 0.5732421875 0.6416015625 0.03515625 0.033203125
0 0.7548828125 0.4306640625 0.033203125 0.0546875
0 0.701171875 0.5029296875 0.029296875 0.03515625
0 0.2451171875 0.625 0.072265625 0.0859375
0 0.380859375 0.603515625 0.0703125 0.083984375
0 0.3076171875 0.6884765625 0.05078125 0.056640625
0 0.353515625 0.7451171875 0.056640625 0.064453125
0 0.208984375 0.53515625 0.076171875 0.0859375
0 0.6455078125 0.568359375 0.029296875 0.04296875
0 0.69140625 0.5712890625 0.037109375 0.06640625
0 0.6533203125 0.634765625 0.029296875 0.03125
0 0.75390625 0.6337890625 0.08203125 0.134765625
0 0.58984375 0.396484375 0.052734375 0.08203125