0 0.7109375 0.42578125 0.05859375 0.078125
0 0.77734375 0.53125 0.021484375 0.03515625
0 0.552734375 0.650390625 0.03125 0.029296875
0 0.76171875 0.466796875 0.02734375 0.05078125
0 0.69921875 0.53125 0.025390625 0.03125
0 0.23046875 0.587890625 0.0625 0.078125
0 0.3671875 0.5859375 0.060546875 0.076171875
0 0.283203125 0.66015625 0.044921875 0.05078125
0 0.3203125 0.72265625 0.048828125 0.05859375
0 0.20703125 0.494140625 0.06640625 0.078125
0 0.634765625 0.587890625 0.0234375 0.041015625
0 0.6796875 0.59765625 0.029296875 0.0625
0 0.6328125 0.654296875 0.025390625 0.02734375
0 0.732421875 0.66796875 0.064453125 0.126953125
0 0.603515625 0.41015625 0.04296875 0.076171875