0 0.5078125 0.23828125 0.09765625 0.115234375
0 0.083984375 0.5859375 0.072265625 0.109375
0 0.3046875 0.521484375 0.14453125 0.06640625
0 0.341796875 0.4296875 0.1015625 0.078125
0 0.75 0.318359375 0.08984375 0.087890625
0 0.26171875 0.609375 0.087890625 0.068359375
0 0.486328125 0.5546875 0.068359375 0.052734375
0 0.552734375 0.48828125 0.087890625 0.05078125
0 0.5234375 0.353515625 0.05078125 0.046875
0 0.62890625 0.65234375 0.083984375 0.07421875
0 0.435546875 0.59375 0.0703125 0.0546875
0 0.255859375 0.44921875 0.03515625 0.037109375
0 0.337890625 0.296875 0.0703125 0.05859375
0 0.939453125 0.37890625 0.033203125 0.0390625
0 0.19140625 0.64453125 0.0625 0.05078125
0 0.94921875 0.546875 0.029296875 0.037109375
0 0.890625 0.380859375 0.03125 0.03125
0 0.69140625 0.5078125 0.146484375 0.091796875
0 0.859375 0.611328125 0.0546875 0.052734375
0 0.09765625 0.298828125 0.029296875 0.029296875
0 0.50390625 0.66796875 0.05078125 0.037109375
0 0.197265625 0.224609375 0.09765625 0.091796875
0 0.337890625 0.673828125 0.04296875 0.0390625
0 0.896484375 0.666015625 0.03515625 0.037109375
0 0.958984375 0.4296875 0.03125 0.037109375
0 0.40234375 0.33203125 0.029296875 0.02734375
0 0.36328125 0.22265625 0.0390625 0.041015625
0 0.458984375 0.74609375 0.064453125 0.056640625
0 0.076171875 0.1953125 0.037109375 0.044921875