0 0.5126953125 0.23828125 0.099609375 0.1171875
0 0.0830078125 0.5791015625 0.07421875 0.111328125
0 0.3046875 0.5185546875 0.146484375 0.068359375
0 0.3427734375 0.4267578125 0.103515625 0.080078125
0 0.7529296875 0.322265625 0.091796875 0.08984375
0 0.259765625 0.60546875 0.08984375 0.0703125
0 0.4853515625 0.5546875 0.068359375 0.0546875
0 0.552734375 0.4892578125 0.087890625 0.052734375
0 0.5263671875 0.353515625 0.05078125 0.046875
0 0.6259765625 0.654296875 0.0859375 0.076171875
0 0.43359375 0.5927734375 0.0703125 0.056640625
0 0.2568359375 0.4453125 0.03515625 0.037109375
0 0.341796875 0.2939453125 0.072265625 0.060546875
0 0.94140625 0.38671875 0.033203125 0.0390625
0 0.1884765625 0.638671875 0.0625 0.052734375
0 0.9482421875 0.5546875 0.029296875 0.037109375
0 0.892578125 0.3876953125 0.03125 0.03125
0 0.69140625 0.5107421875 0.1484375 0.09375
0 0.857421875 0.6171875 0.0546875 0.052734375
0 0.1015625 0.2919921875 0.029296875 0.029296875
0 0.5009765625 0.66796875 0.05078125 0.037109375
0 0.2021484375 0.2197265625 0.099609375 0.09375
0 0.3349609375 0.6708984375 0.04296875 0.0390625
0 0.8935546875 0.6728515625 0.03515625 0.037109375
0 0.9599609375 0.4375 0.03125 0.037109375
0 0.4052734375 0.330078125 0.029296875 0.02734375
0 0.3681640625 0.220703125 0.0390625 0.041015625
0 0.455078125 0.7451171875 0.06640625 0.05859375
0 0.08203125 0.1875 0.037109375 0.044921875