0 0.6201171875 0.271484375 0.03125 0.0625
0 0.2529296875 0.587890625 0.044921875 0.09765625
0 0.560546875 0.1826171875 0.029296875 0.06640625
0 0.6611328125 0.205078125 0.04296875 0.0859375
0 0.59765625 0.5791015625 0.05859375 0.078125
0 0.4345703125 0.376953125 0.017578125 0.0390625
0 0.693359375 0.6064453125 0.037109375 0.056640625
0 0.4033203125 0.205078125 0.068359375 0.099609375
0 0.6455078125 0.6650390625 0.0546875 0.06640625
0 0.57421875 0.6904296875 0.048828125 0.060546875
0 0.251953125 0.7275390625 0.0546875 0.134765625
0 0.728515625 0.2353515625 0.037109375 0.056640625
0 0.5068359375 0.3203125 0.083984375 0.07421875
0 0.478515625 0.4228515625 0.05078125 0.087890625
0 0.3662109375 0.2939453125 0.1015625 0.060546875
0 0.3291015625 0.1640625 0.05078125 0.060546875
0 0.484375 0.2177734375 0.08984375 0.09375
0 0.6982421875 0.31640625 0.0859375 0.078125
0 0.599609375 0.822265625 0.056640625 0.0546875
0 0.5439453125 0.8662109375 0.0390625 0.09765625
0 0.38671875 0.8671875 0.12890625 0.09765625
0 0.4765625 0.572265625 0.06640625 0.064453125