0 0.421875 0.24609375 0.052734375 0.146484375
0 0.28515625 0.767578125 0.04296875 0.099609375
0 0.251953125 0.607421875 0.02734375 0.07421875
0 0.484375 0.71875 0.046875 0.078125
0 0.607421875 0.2265625 0.044921875 0.078125
0 0.4921875 0.576171875 0.03515625 0.091796875
0 0.31640625 0.451171875 0.03515625 0.0546875
0 0.373046875 0.583984375 0.064453125 0.09375
0 0.43359375 0.5390625 0.0859375 0.080078125
0 0.55859375 0.666015625 0.080078125 0.078125
0 0.666015625 0.54296875 0.03125 0.037109375
0 0.705078125 0.48046875 0.072265625 0.0546875
0 0.5 0.18359375 0.064453125 0.11328125
0 0.52734375 0.28125 0.03515625 0.060546875
0 0.376953125 0.94921875 0.05859375 0.09375
0 0.642578125 0.123046875 0.025390625 0.048828125