0 0.390625 0.287109375 0.0625 0.1328125
0 0.203125 0.626953125 0.033203125 0.091796875
0 0.392578125 0.576171875 0.0546875 0.08984375
0 0.58984375 0.2734375 0.056640625 0.091796875
0 0.71484375 0.28125 0.03515625 0.111328125
0 0.435546875 0.76953125 0.03125 0.05078125
0 0.22265625 0.798828125 0.046875 0.09375
0 0.783203125 0.263671875 0.060546875 0.12890625
0 0.283203125 0.95703125 0.060546875 0.078125
0 0.505859375 0.71484375 0.037109375 0.078125
0 0.3203125 0.634765625 0.072265625 0.119140625
0 0.66015625 0.568359375 0.09765625 0.080078125
0 0.44140625 0.71484375 0.05859375 0.04296875
0 0.55078125 0.587890625 0.0546875 0.076171875
0 0.287109375 0.44921875 0.060546875 0.0625
0 0.48828125 0.30078125 0.0390625 0.03125
0 0.6328125 0.1484375 0.0390625 0.060546875