0 0.2744140625 0.576171875 0.08203125 0.099609375
0 0.7919921875 0.4677734375 0.044921875 0.11328125
0 0.375 0.16796875 0.060546875 0.083984375
0 0.814453125 0.61328125 0.0234375 0.13671875
0 0.6376953125 0.8994140625 0.017578125 0.03125
0 0.17578125 0.84765625 0.01953125 0.09765625
0 0.76953125 0.7060546875 0.052734375 0.111328125
0 0.455078125 0.9228515625 0.033203125 0.07421875
0 0.609375 0.189453125 0.046875 0.064453125
0 0.48046875 0.177734375 0.05078125 0.107421875
0 0.623046875 0.5859375 0.0859375 0.064453125
0 0.724609375 0.61328125 0.052734375 0.044921875
0 0.5009765625 0.560546875 0.044921875 0.046875
0 0.3408203125 0.9052734375 0.056640625 0.060546875
0 0.322265625 0.6982421875 0.064453125 0.048828125
0 0.5048828125 0.44140625 0.041015625 0.041015625