0 0.357421875 0.25390625 0.04296875 0.08203125
0 0.240234375 0.2734375 0.01953125 0.0703125
0 0.455078125 0.158203125 0.041015625 0.046875
0 0.431640625 0.931640625 0.037109375 0.05859375
0 0.21484375 0.501953125 0.02734375 0.076171875
0 0.26953125 0.646484375 0.05859375 0.09765625
0 0.279296875 0.26953125 0.021484375 0.048828125
0 0.630859375 0.55078125 0.138671875 0.12890625
0 0.369140625 0.560546875 0.08203125 0.08203125
0 0.482421875 0.2734375 0.041015625 0.046875
0 0.521484375 0.232421875 0.078125 0.08984375
0 0.62109375 0.162109375 0.099609375 0.119140625
0 0.443359375 0.802734375 0.046875 0.078125
0 0.5390625 0.935546875 0.046875 0.03515625