0 0.724609375 0.580078125 0.080078125 0.09765625
0 0.208984375 0.462890625 0.04296875 0.11328125
0 0.630859375 0.169921875 0.05859375 0.08203125
0 0.18359375 0.607421875 0.021484375 0.13671875
0 0.35546875 0.896484375 0.017578125 0.03125
0 0.818359375 0.853515625 0.017578125 0.09765625
0 0.2265625 0.701171875 0.05078125 0.111328125
0 0.537109375 0.923828125 0.03125 0.07421875
0 0.396484375 0.1875 0.044921875 0.064453125
0 0.525390625 0.177734375 0.048828125 0.107421875
0 0.375 0.583984375 0.083984375 0.0625
0 0.2734375 0.609375 0.052734375 0.044921875
0 0.498046875 0.560546875 0.044921875 0.046875
0 0.65234375 0.908203125 0.0546875 0.060546875
0 0.673828125 0.701171875 0.064453125 0.046875
0 0.49609375 0.44140625 0.041015625 0.041015625