0 0.404296875 0.259765625 0.025390625 0.060546875
0 0.736328125 0.61328125 0.03515625 0.09375
0 0.47265625 0.177734375 0.0234375 0.064453125
0 0.37109375 0.189453125 0.03515625 0.08203125
0 0.39453125 0.568359375 0.05078125 0.072265625
0 0.578125 0.384765625 0.013671875 0.037109375
0 0.296875 0.5859375 0.03125 0.052734375
0 0.626953125 0.216796875 0.05859375 0.09375
0 0.337890625 0.6484375 0.048828125 0.0625
0 0.40625 0.681640625 0.04296875 0.056640625
0 0.72265625 0.751953125 0.041015625 0.130859375
0 0.30078125 0.212890625 0.03125 0.052734375
0 0.51171875 0.3203125 0.078125 0.06640625
0 0.529296875 0.42578125 0.04296875 0.083984375
0 0.654296875 0.30859375 0.09765625 0.05078125
0 0.705078125 0.18359375 0.044921875 0.056640625
0 0.544921875 0.220703125 0.08203125 0.0859375
0 0.322265625 0.296875 0.078125 0.0703125
0 0.3671875 0.810546875 0.052734375 0.048828125
0 0.41796875 0.859375 0.029296875 0.095703125
0 0.57421875 0.876953125 0.12109375 0.0859375
0 0.515625 0.57421875 0.060546875 0.05859375