0 0.796875 0.693359375 0.0390625 0.048828125
0 0.267578125 0.642578125 0.04296875 0.048828125
0 0.71875 0.712890625 0.037109375 0.052734375
0 0.51171875 0.421875 0.044921875 0.044921875
0 0.236328125 0.474609375 0.115234375 0.080078125
0 0.345703125 0.71875 0.0390625 0.04296875
0 0.376953125 0.43359375 0.072265625 0.119140625
0 0.6796875 0.279296875 0.08984375 0.0546875
0 0.869140625 0.693359375 0.029296875 0.033203125
0 0.388671875 0.580078125 0.029296875 0.029296875
0 0.638671875 0.193359375 0.064453125 0.0546875
0 0.53515625 0.65625 0.072265625 0.052734375
0 0.455078125 0.3359375 0.033203125 0.03125
0 0.1796875 0.701171875 0.0625 0.072265625
0 0.18359375 0.595703125 0.025390625 0.0234375
0 0.48828125 0.76953125 0.056640625 0.05078125
0 0.568359375 0.771484375 0.046875 0.0859375
0 0.435546875 0.80078125 0.029296875 0.05078125
0 0.373046875 0.23828125 0.0390625 0.025390625
0 0.4609375 0.23046875 0.05859375 0.04296875
0 0.724609375 0.55859375 0.037109375 0.02734375
0 0.6484375 0.599609375 0.05078125 0.0234375