0 0.734375 0.287109375 0.056640625 0.05859375
0 0.76953125 0.689453125 0.037109375 0.048828125
0 0.376953125 0.330078125 0.068359375 0.068359375
0 0.779296875 0.3515625 0.037109375 0.0390625
0 0.7109375 0.224609375 0.025390625 0.021484375
0 0.689453125 0.787109375 0.0234375 0.02734375
0 0.65625 0.296875 0.03515625 0.0390625
0 0.73828125 0.181640625 0.037109375 0.01953125
0 0.62890625 0.77734375 0.048828125 0.052734375
0 0.32421875 0.69140625 0.04296875 0.041015625
0 0.505859375 0.30859375 0.03125 0.033203125
0 0.419921875 0.67578125 0.123046875 0.05859375
0 0.5390625 0.36328125 0.05078125 0.048828125
0 0.77734375 0.1875 0.03515625 0.029296875
0 0.79296875 0.80078125 0.06640625 0.048828125
0 0.22265625 0.373046875 0.04296875 0.056640625
0 0.677734375 0.685546875 0.0625 0.126953125
0 0.765625 0.75 0.02734375 0.03125
0 0.83984375 0.728515625 0.029296875 0.052734375
0 0.3828125 0.734375 0.048828125 0.04296875
0 0.279296875 0.80859375 0.03125 0.037109375
0 0.205078125 0.666015625 0.0234375 0.02734375
0 0.28515625 0.36328125 0.03515625 0.046875
0 0.4296875 0.23828125 0.052734375 0.0546875
0 0.48828125 0.2109375 0.046875 0.07421875
0 0.5625 0.287109375 0.04296875 0.048828125
0 0.64453125 0.244140625 0.056640625 0.037109375
0 0.626953125 0.193359375 0.021484375 0.02734375
0 0.470703125 0.716796875 0.029296875 0.025390625
0 0.58984375 0.685546875 0.041015625 0.03515625