0 0.306640625 0.4453125 0.02734375 0.08203125
0 0.513671875 0.59375 0.048828125 0.15625
0 0.470703125 0.14453125 0.0390625 0.08984375
0 0.78515625 0.076171875 0.08203125 0.1484375
0 0.185546875 0.6953125 0.025390625 0.09765625
0 0.212890625 0.94921875 0.048828125 0.091796875
0 0.294921875 0.02734375 0.083984375 0.0546875
0 0.330078125 0.5859375 0.072265625 0.08203125
0 0.380859375 0.66796875 0.087890625 0.07421875
0 0.44140625 0.736328125 0.060546875 0.052734375
0 0.68359375 0.830078125 0.05859375 0.09765625
0 0.57421875 0.923828125 0.080078125 0.0703125
0 0.724609375 0.55078125 0.07421875 0.06640625
0 0.49609375 0.05078125 0.08984375 0.078125
0 0.66015625 0.134765625 0.05859375 0.0703125
0 0.591796875 0.828125 0.091796875 0.091796875
0 0.458984375 0.57421875 0.05078125 0.048828125