0 0.439453125 0.2412109375 0.0625 0.150390625
0 0.2666015625 0.751953125 0.05078125 0.1015625
0 0.2451171875 0.58984375 0.033203125 0.076171875
0 0.46875 0.716796875 0.052734375 0.08203125
0 0.6259765625 0.234375 0.05078125 0.08203125
0 0.4873046875 0.5751953125 0.041015625 0.09375
0 0.3203125 0.4384765625 0.0390625 0.056640625
0 0.3671875 0.5751953125 0.0703125 0.09765625
0 0.4306640625 0.5341796875 0.091796875 0.0859375
0 0.546875 0.669921875 0.0859375 0.083984375
0 0.6630859375 0.5546875 0.033203125 0.0390625
0 0.7060546875 0.4951171875 0.076171875 0.060546875
0 0.5224609375 0.1845703125 0.072265625 0.1171875
0 0.54296875 0.283203125 0.0390625 0.0625
0 0.345703125 0.939453125 0.064453125 0.09765625
0 0.6689453125 0.1337890625 0.029296875 0.05078125