0 0.4296875 0.5625 0.048828125 0.05859375
0 0.744140625 0.568359375 0.09765625 0.12890625
0 0.228515625 0.18359375 0.033203125 0.021484375
0 0.203125 0.78125 0.033203125 0.044921875
0 0.8515625 0.56640625 0.056640625 0.068359375
0 0.220703125 0.705078125 0.06640625 0.08984375
0 0.4921875 0.181640625 0.0390625 0.017578125
0 0.3515625 0.615234375 0.033203125 0.0390625
0 0.74609375 0.6796875 0.02734375 0.037109375
0 0.16015625 0.18359375 0.03125 0.0234375
0 0.86328125 0.177734375 0.037109375 0.013671875
0 0.462890625 0.6171875 0.0390625 0.037109375
0 0.53515625 0.44140625 0.0546875 0.05078125
0 0.552734375 0.181640625 0.078125 0.01953125
0 0.125 0.529296875 0.02734375 0.03125
0 0.521484375 0.181640625 0.0859375 0.01953125
0 0.16015625 0.193359375 0.0390625 0.041015625
0 0.876953125 0.716796875 0.025390625 0.04296875
0 0.84765625 0.642578125 0.0234375 0.025390625
0 0.904296875 0.5625 0.021484375 0.033203125
0 0.27734375 0.53125 0.048828125 0.04296875