0 0.39453125 0.28515625 0.064453125 0.134765625
0 0.201171875 0.6220703125 0.03515625 0.091796875
0 0.3916015625 0.57421875 0.056640625 0.08984375
0 0.59375 0.275390625 0.05859375 0.091796875
0 0.71875 0.28515625 0.037109375 0.111328125
0 0.4306640625 0.7685546875 0.03125 0.05078125
0 0.2177734375 0.7939453125 0.048828125 0.09375
0 0.787109375 0.2685546875 0.0625 0.130859375
0 0.275390625 0.953125 0.0625 0.080078125
0 0.501953125 0.71484375 0.0390625 0.078125
0 0.318359375 0.6318359375 0.07421875 0.12109375
0 0.6591796875 0.5712890625 0.099609375 0.08203125
0 0.4375 0.7138671875 0.05859375 0.044921875
0 0.548828125 0.5888671875 0.056640625 0.076171875
0 0.2880859375 0.4453125 0.0625 0.064453125
0 0.4921875 0.30078125 0.0390625 0.03125
0 0.638671875 0.150390625 0.041015625 0.060546875