0 0.248046875 0.30859375 0.0625 0.0625
0 0.248046875 0.7119140625 0.041015625 0.052734375
0 0.607421875 0.3203125 0.07421875 0.07421875
0 0.208984375 0.376953125 0.041015625 0.04296875
0 0.265625 0.244140625 0.02734375 0.0234375
0 0.3359375 0.802734375 0.025390625 0.029296875
0 0.326171875 0.3115234375 0.0390625 0.041015625
0 0.2353515625 0.2041015625 0.0390625 0.0234375
0 0.3955078125 0.787109375 0.052734375 0.056640625
0 0.69140625 0.67578125 0.046875 0.044921875
0 0.4775390625 0.3095703125 0.033203125 0.03515625
0 0.5947265625 0.66796875 0.126953125 0.068359375
0 0.44921875 0.3671875 0.0546875 0.052734375
0 0.1962890625 0.212890625 0.037109375 0.033203125
0 0.234375 0.8251953125 0.0703125 0.0546875
0 0.765625 0.349609375 0.046875 0.060546875
0 0.3388671875 0.7001953125 0.07421875 0.1328125
0 0.2568359375 0.7724609375 0.029296875 0.033203125
0 0.181640625 0.7568359375 0.033203125 0.0546875
0 0.63671875 0.7236328125 0.052734375 0.046875
0 0.7470703125 0.7880859375 0.03515625 0.0390625
0 0.80859375 0.6396484375 0.025390625 0.029296875
0 0.7021484375 0.3447265625 0.0390625 0.048828125
0 0.546875 0.2333984375 0.056640625 0.05859375
0 0.486328125 0.2109375 0.052734375 0.078125
0 0.4189453125 0.29296875 0.046875 0.052734375
0 0.333984375 0.2578125 0.060546875 0.041015625
0 0.3466796875 0.2060546875 0.0234375 0.029296875
0 0.5478515625 0.7138671875 0.03125 0.02734375
0 0.4267578125 0.6923828125 0.04296875 0.0390625