0 0.6298828125 0.2470703125 0.046875 0.083984375
0 0.7470703125 0.259765625 0.0234375 0.0703125
0 0.52734375 0.15625 0.04296875 0.048828125
0 0.5908203125 0.927734375 0.041015625 0.060546875
0 0.78515625 0.4873046875 0.03125 0.078125
0 0.73828125 0.6337890625 0.064453125 0.1015625
0 0.7080078125 0.2578125 0.0234375 0.05078125
0 0.3720703125 0.5576171875 0.14453125 0.13671875
0 0.6337890625 0.5537109375 0.0859375 0.0859375
0 0.505859375 0.2724609375 0.04296875 0.048828125
0 0.46484375 0.234375 0.08203125 0.09375
0 0.361328125 0.1689453125 0.10546875 0.125
0 0.572265625 0.7998046875 0.05078125 0.080078125
0 0.4833984375 0.9365234375 0.048828125 0.037109375