0 0.5771484375 0.5537109375 0.0546875 0.064453125
0 0.265625 0.59765625 0.11328125 0.140625
0 0.73046875 0.1533203125 0.03515625 0.025390625
0 0.8291015625 0.7431640625 0.0390625 0.048828125
0 0.1591796875 0.6083984375 0.064453125 0.07421875
0 0.8017578125 0.669921875 0.076171875 0.09765625
0 0.46875 0.1826171875 0.041015625 0.021484375
0 0.6611328125 0.5966796875 0.037109375 0.04296875
0 0.27734375 0.7080078125 0.03125 0.041015625
0 0.798828125 0.14453125 0.033203125 0.02734375
0 0.1005859375 0.224609375 0.0390625 0.017578125
0 0.55078125 0.611328125 0.04296875 0.041015625
0 0.4580078125 0.4462890625 0.060546875 0.056640625
0 0.4091796875 0.1904296875 0.080078125 0.029296875
0 0.8759765625 0.4833984375 0.03125 0.03515625
0 0.439453125 0.1865234375 0.087890625 0.029296875
0 0.7998046875 0.154296875 0.04296875 0.044921875
0 0.15234375 0.7607421875 0.03125 0.044921875
0 0.171875 0.68359375 0.025390625 0.02734375
0 0.1064453125 0.611328125 0.025390625 0.03515625
0 0.724609375 0.50390625 0.052734375 0.048828125