0 0.1845703125 0.6611328125 0.044921875 0.052734375
0 0.7158203125 0.666015625 0.046875 0.052734375
0 0.259765625 0.6884765625 0.04296875 0.056640625
0 0.49609375 0.4208984375 0.048828125 0.048828125
0 0.7646484375 0.501953125 0.123046875 0.091796875
0 0.630859375 0.7333984375 0.04296875 0.046875
0 0.62890625 0.447265625 0.083984375 0.126953125
0 0.3447265625 0.26171875 0.095703125 0.064453125
0 0.1123046875 0.6533203125 0.033203125 0.03515625
0 0.6025390625 0.5908203125 0.03125 0.03125
0 0.39453125 0.1806640625 0.0703125 0.060546875
0 0.4482421875 0.6513671875 0.078125 0.060546875
0 0.5615234375 0.341796875 0.037109375 0.03515625
0 0.7978515625 0.7333984375 0.0703125 0.078125
0 0.8046875 0.6279296875 0.02734375 0.025390625
0 0.4833984375 0.76953125 0.0625 0.056640625
0 0.4033203125 0.7626953125 0.0546875 0.08984375
0 0.5322265625 0.8056640625 0.03515625 0.052734375
0 0.6533203125 0.2529296875 0.041015625 0.029296875
0 0.5673828125 0.236328125 0.0625 0.048828125
0 0.2705078125 0.53515625 0.0390625 0.03125
0 0.341796875 0.583984375 0.052734375 0.029296875