0 0.3193359375 0.412109375 0.041015625 0.0859375
0 0.4970703125 0.5947265625 0.076171875 0.162109375
0 0.533203125 0.14453125 0.0546875 0.095703125
0 0.8544921875 0.1318359375 0.107421875 0.16015625
0 0.15625 0.6376953125 0.041015625 0.099609375
0 0.1396484375 0.892578125 0.064453125 0.099609375
0 0.3798828125 0.0166015625 0.091796875 0.033203125
0 0.3173828125 0.5546875 0.0859375 0.09375
0 0.353515625 0.64453125 0.099609375 0.087890625
0 0.4013671875 0.72265625 0.068359375 0.0625
0 0.623046875 0.857421875 0.07421875 0.10546875
0 0.4990234375 0.9306640625 0.091796875 0.083984375
0 0.7119140625 0.5888671875 0.083984375 0.078125
0 0.57421875 0.056640625 0.1015625 0.091796875
0 0.720703125 0.16796875 0.0703125 0.080078125
0 0.533203125 0.8388671875 0.10546875 0.10546875
0 0.4462890625 0.56640625 0.05859375 0.056640625