0 0.189453125 0.501953125 0.072265625 0.0546875
0 0.603515625 0.54296875 0.052734375 0.046875
0 0.3984375 0.66015625 0.115234375 0.21484375
0 0.474609375 0.427734375 0.095703125 0.083984375
0 0.568359375 0.64453125 0.033203125 0.0546875
0 0.322265625 0.400390625 0.03515625 0.041015625
0 0.119140625 0.181640625 0.037109375 0.01953125
0 0.181640625 0.37890625 0.0546875 0.044921875
0 0.265625 0.380859375 0.044921875 0.08984375
0 0.345703125 0.46875 0.04296875 0.033203125
0 0.181640625 0.748046875 0.0625 0.1015625
0 0.7578125 0.533203125 0.083984375 0.095703125
0 0.59765625 0.3984375 0.05078125 0.046875
0 0.4765625 0.365234375 0.025390625 0.0234375
0 0.83984375 0.56640625 0.02734375 0.0546875