0 0.8935546875 0.33984375 0.02734375 0.025390625
0 0.9775390625 0.4775390625 0.04296875 0.060546875
0 0.892578125 0.48828125 0.052734375 0.06640625
0 0.337890625 0.556640625 0.044921875 0.044921875
0 0.6328125 0.5576171875 0.279296875 0.19140625
0 0.01953125 0.498046875 0.0390625 0.046875
0 0.2265625 0.609375 0.11328125 0.083984375
0 0.6494140625 0.2978515625 0.083984375 0.0546875
0 0.025390625 0.404296875 0.05078125 0.0703125
0 0.1748046875 0.5234375 0.03125 0.0390625
0 0.240234375 0.5009765625 0.056640625 0.072265625
0 0.0986328125 0.478515625 0.03125 0.0546875
0 0.4052734375 0.4677734375 0.04296875 0.046875
0 0.529296875 0.4462890625 0.052734375 0.041015625
0 0.4111328125 0.5947265625 0.0546875 0.068359375
0 0.7998046875 0.7373046875 0.048828125 0.048828125