0 0.8984375 0.353515625 0.02734375 0.025390625
0 0.978515625 0.494140625 0.041015625 0.05859375
0 0.892578125 0.501953125 0.05078125 0.064453125
0 0.3359375 0.55078125 0.04296875 0.04296875
0 0.630859375 0.5625 0.2734375 0.181640625
0 0.01953125 0.482421875 0.0390625 0.044921875
0 0.22265625 0.599609375 0.111328125 0.080078125
0 0.65625 0.302734375 0.08203125 0.052734375
0 0.02734375 0.388671875 0.052734375 0.068359375
0 0.173828125 0.51171875 0.029296875 0.037109375
0 0.240234375 0.4921875 0.0546875 0.0703125
0 0.099609375 0.46484375 0.029296875 0.052734375
0 0.40625 0.46484375 0.041015625 0.044921875
0 0.53125 0.447265625 0.05078125 0.0390625
0 0.408203125 0.591796875 0.052734375 0.06640625
0 0.791015625 0.748046875 0.046875 0.046875