0 0.1904296875 0.529296875 0.076171875 0.060546875
0 0.6064453125 0.5341796875 0.056640625 0.05078125
0 0.4130859375 0.66796875 0.1328125 0.224609375
0 0.46875 0.4306640625 0.103515625 0.091796875
0 0.5810546875 0.6376953125 0.037109375 0.056640625
0 0.314453125 0.416015625 0.0390625 0.04296875
0 0.0927734375 0.2158203125 0.0390625 0.0234375
0 0.171875 0.4072265625 0.05859375 0.048828125
0 0.255859375 0.4013671875 0.052734375 0.09375
0 0.34375 0.482421875 0.044921875 0.037109375
0 0.2041015625 0.7744140625 0.0703125 0.107421875
0 0.759765625 0.5107421875 0.091796875 0.103515625
0 0.5888671875 0.390625 0.0546875 0.05078125
0 0.46484375 0.3681640625 0.02734375 0.025390625
0 0.8447265625 0.5361328125 0.03125 0.056640625