0 0.10546875 0.4306640625 0.091796875 0.080078125
0 0.1171875 0.6015625 0.125 0.095703125
0 0.2373046875 0.6953125 0.083984375 0.09375
0 0.431640625 0.6767578125 0.123046875 0.12890625
0 0.39453125 0.5107421875 0.07421875 0.0703125
0 0.51953125 0.564453125 0.1640625 0.103515625
0 0.6337890625 0.6171875 0.056640625 0.072265625
0 0.7666015625 0.5263671875 0.109375 0.123046875
0 0.83984375 0.6064453125 0.046875 0.0703125
0 0.8076171875 0.3310546875 0.0703125 0.087890625
0 0.7587890625 0.4365234375 0.05859375 0.046875
0 0.87109375 0.4345703125 0.107421875 0.1015625
0 0.29296875 0.5048828125 0.068359375 0.05859375