0 0.5888671875 0.7509765625 0.04296875 0.041015625
0 0.6923828125 0.8037109375 0.04296875 0.0859375
0 0.8115234375 0.6943359375 0.0234375 0.048828125
0 0.72265625 0.7265625 0.025390625 0.04296875
0 0.341796875 0.9384765625 0.052734375 0.07421875
0 0.3720703125 0.759765625 0.021484375 0.029296875
0 0.6552734375 0.873046875 0.01953125 0.029296875
0 0.6455078125 0.5751953125 0.03125 0.044921875
0 0.5869140625 0.8154296875 0.01953125 0.02734375
0 0.3857421875 0.85546875 0.025390625 0.0390625
0 0.5849609375 0.5849609375 0.046875 0.123046875
0 0.419921875 0.7666015625 0.01953125 0.033203125
0 0.3974609375 0.70703125 0.03125 0.046875
0 0.716796875 0.62890625 0.01953125 0.033203125
0 0.458984375 0.8896484375 0.0390625 0.033203125
0 0.83203125 0.966796875 0.02734375 0.03515625
0 0.42578125 0.2099609375 0.025390625 0.02734375
0 0.6435546875 0.3486328125 0.0390625 0.0546875
0 0.572265625 0.287109375 0.091796875 0.111328125
0 0.7919921875 0.7705078125 0.021484375 0.02734375
0 0.75 0.8408203125 0.033203125 0.05078125
0 0.6201171875 0.4609375 0.07421875 0.078125
0 0.490234375 0.94140625 0.09765625 0.064453125
0 0.4130859375 0.9267578125 0.05859375 0.04296875
0 0.48046875 0.2802734375 0.060546875 0.119140625
0 0.31640625 0.2197265625 0.142578125 0.095703125