0 0.6865234375 0.3271484375 0.0390625 0.04296875
0 0.5751953125 0.7646484375 0.048828125 0.05859375
0 0.203125 0.4208984375 0.03515625 0.048828125
0 0.4423828125 0.7734375 0.044921875 0.060546875
0 0.8154296875 0.2353515625 0.03515625 0.044921875
0 0.5615234375 0.173828125 0.033203125 0.0234375
0 0.43359375 0.669921875 0.03125 0.03125
0 0.666015625 0.1884765625 0.033203125 0.0390625
0 0.2919921875 0.6181640625 0.02734375 0.041015625
0 0.455078125 0.8212890625 0.025390625 0.02734375
0 0.52734375 0.4638671875 0.025390625 0.03125
0 0.240234375 0.515625 0.04296875 0.0546875
0 0.279296875 0.56640625 0.03125 0.037109375
0 0.150390625 0.3505859375 0.044921875 0.060546875
0 0.0732421875 0.228515625 0.029296875 0.02734375
0 0.6796875 0.697265625 0.02734375 0.03125
0 0.1259765625 0.2685546875 0.03125 0.037109375
0 0.642578125 0.5673828125 0.041015625 0.05078125
0 0.33203125 0.7177734375 0.041015625 0.0546875
0 0.3681640625 0.421875 0.033203125 0.0390625
0 0.7001953125 0.5166015625 0.048828125 0.033203125
0 0.69921875 0.5654296875 0.04296875 0.0390625
0 0.8154296875 0.3427734375 0.05859375 0.0703125
0 0.77734375 0.41015625 0.041015625 0.041015625
0 0.8193359375 0.470703125 0.044921875 0.060546875
0 0.45703125 0.2177734375 0.056640625 0.041015625