0 0.7470703125 0.2822265625 0.064453125 0.068359375
0 0.115234375 0.6533203125 0.06640625 0.0625
0 0.080078125 0.55078125 0.078125 0.0859375
0 0.4423828125 0.7314453125 0.05859375 0.0546875
0 0.6142578125 0.5986328125 0.056640625 0.05859375
0 0.4365234375 0.185546875 0.107421875 0.0625
0 0.912109375 0.265625 0.076171875 0.099609375
0 0.763671875 0.7568359375 0.12890625 0.1171875
0 0.3203125 0.265625 0.060546875 0.06640625
0 0.29296875 0.6669921875 0.046875 0.05078125
0 0.0615234375 0.1455078125 0.05078125 0.064453125
0 0.2724609375 0.7373046875 0.060546875 0.0546875
0 0.1201171875 0.439453125 0.0625 0.0546875
0 0.7724609375 0.5732421875 0.05859375 0.087890625
0 0.6044921875 0.1923828125 0.05859375 0.029296875
0 0.021484375 0.7470703125 0.04296875 0.044921875
0 0.21484375 0.3037109375 0.068359375 0.068359375
0 0.146484375 0.765625 0.07421875 0.044921875
0 0.8017578125 0.21875 0.06640625 0.033203125
0 0.0556640625 0.2392578125 0.05859375 0.064453125
0 0.9658203125 0.3623046875 0.052734375 0.06640625
0 0.029296875 0.7119140625 0.044921875 0.04296875
0 0.71875 0.4345703125 0.04296875 0.048828125
0 0.6162109375 0.447265625 0.064453125 0.0703125
0 0.7958984375 0.4755859375 0.0859375 0.07421875
0 0.8818359375 0.53515625 0.0625 0.052734375
0 0.58203125 0.794921875 0.095703125 0.0625
0 0.3515625 0.6015625 0.09375 0.06640625
0 0.5673828125 0.3701171875 0.13671875 0.09375
0 0.3349609375 0.4150390625 0.078125 0.060546875
0 0.4248046875 0.490234375 0.146484375 0.0703125