0 0.583984375 0.2734375 0.056640625 0.0390625
0 0.361328125 0.333984375 0.025390625 0.025390625
0 0.263671875 0.34375 0.0390625 0.02734375
0 0.333984375 0.34375 0.021484375 0.033203125
0 0.302734375 0.416015625 0.029296875 0.02734375
0 0.423828125 0.40625 0.03515625 0.0390625
0 0.421875 0.478515625 0.033203125 0.033203125
0 0.349609375 0.458984375 0.072265625 0.025390625
0 0.4765625 0.5546875 0.03125 0.025390625
0 0.6328125 0.59765625 0.083984375 0.095703125
0 0.57421875 0.625 0.03515625 0.02734375
0 0.72265625 0.548828125 0.041015625 0.02734375
0 0.814453125 0.53515625 0.033203125 0.046875
0 0.78515625 0.43359375 0.04296875 0.0390625
0 0.87109375 0.431640625 0.021484375 0.01171875
0 0.802734375 0.494140625 0.037109375 0.029296875
0 0.876953125 0.623046875 0.05078125 0.0703125
0 0.4609375 0.611328125 0.01953125 0.017578125
0 0.447265625 0.65234375 0.01953125 0.025390625
0 0.3203125 0.587890625 0.01171875 0.017578125
0 0.349609375 0.564453125 0.02734375 0.01953125
0 0.529296875 0.40625 0.041015625 0.029296875
0 0.630859375 0.455078125 0.02734375 0.029296875
0 0.400390625 0.74609375 0.0234375 0.041015625
0 0.171875 0.6171875 0.021484375 0.02734375
0 0.234375 0.541015625 0.025390625 0.029296875
0 0.51953125 0.681640625 0.052734375 0.0546875
0 0.63671875 0.6953125 0.048828125 0.068359375
0 0.53125 0.568359375 0.04296875 0.0390625
0 0.3984375 0.314453125 0.017578125 0.033203125
0 0.4609375 0.349609375 0.01953125 0.044921875
0 0.4140625 0.359375 0.0390625 0.025390625
0 0.357421875 0.37890625 0.0625 0.03515625