0 0.369140625 0.58984375 0.05078125 0.0703125
0 0.20703125 0.490234375 0.04296875 0.052734375
0 0.458984375 0.556640625 0.05078125 0.072265625
0 0.71484375 0.349609375 0.056640625 0.052734375
0 0.529296875 0.552734375 0.037109375 0.05078125
0 0.7109375 0.42578125 0.0234375 0.03125
0 0.5234375 0.421875 0.0390625 0.048828125
0 0.669921875 0.791015625 0.04296875 0.0390625
0 0.6796875 0.56640625 0.06640625 0.05078125
0 0.025390625 0.396484375 0.044921875 0.04296875
0 0.2578125 0.4140625 0.033203125 0.044921875
0 0.376953125 0.46875 0.025390625 0.033203125
0 0.390625 0.26953125 0.07421875 0.0625
0 0.521484375 0.732421875 0.03125 0.0390625
0 0.794921875 0.4609375 0.0390625 0.0390625