0 0.8017578125 0.2939453125 0.056640625 0.052734375
0 0.19921875 0.2685546875 0.037109375 0.029296875
0 0.45703125 0.7001953125 0.07421875 0.05859375
0 0.423828125 0.583984375 0.064453125 0.068359375
0 0.3681640625 0.6826171875 0.05859375 0.072265625
0 0.5732421875 0.6142578125 0.046875 0.0390625
0 0.595703125 0.6875 0.0703125 0.052734375
0 0.595703125 0.7470703125 0.046875 0.052734375
0 0.7255859375 0.6591796875 0.044921875 0.0390625
0 0.5537109375 0.2314453125 0.068359375 0.06640625
0 0.2392578125 0.373046875 0.056640625 0.05078125
0 0.2998046875 0.2626953125 0.037109375 0.0390625
0 0.3046875 0.2158203125 0.0234375 0.017578125
0 0.484375 0.578125 0.046875 0.03515625
0 0.51953125 0.6796875 0.01953125 0.021484375
0 0.341796875 0.619140625 0.029296875 0.025390625
0 0.296875 0.6484375 0.02734375 0.021484375
0 0.525390625 0.736328125 0.0234375 0.029296875
0 0.482421875 0.7587890625 0.037109375 0.03125
0 0.7548828125 0.537109375 0.04296875 0.03515625
0 0.72265625 0.5869140625 0.037109375 0.02734375
0 0.8193359375 0.5009765625 0.01953125 0.01953125
0 0.716796875 0.216796875 0.044921875 0.029296875
0 0.7626953125 0.2607421875 0.029296875 0.033203125
0 0.2548828125 0.583984375 0.025390625 0.0234375
0 0.3427734375 0.5830078125 0.046875 0.033203125
0 0.38671875 0.63671875 0.05078125 0.033203125
0 0.4658203125 0.6484375 0.041015625 0.03515625
0 0.6923828125 0.72265625 0.021484375 0.025390625
0 0.6650390625 0.7568359375 0.02734375 0.03515625