0 0.171875 0.42578125 0.05078125 0.056640625
0 0.2275390625 0.478515625 0.052734375 0.05078125
0 0.3388671875 0.482421875 0.064453125 0.064453125
0 0.4951171875 0.455078125 0.083984375 0.072265625
0 0.580078125 0.5078125 0.048828125 0.0546875
0 0.4638671875 0.3486328125 0.03125 0.02734375
0 0.3525390625 0.4033203125 0.068359375 0.05859375
0 0.419921875 0.46484375 0.04296875 0.06640625
0 0.166015625 0.54296875 0.087890625 0.08984375
0 0.0771484375 0.44140625 0.033203125 0.0234375
0 0.0810546875 0.53125 0.04296875 0.046875
0 0.181640625 0.623046875 0.03515625 0.04296875
0 0.2861328125 0.6767578125 0.046875 0.04296875
0 0.2646484375 0.728515625 0.060546875 0.0546875
0 0.326171875 0.744140625 0.0234375 0.029296875
0 0.412109375 0.810546875 0.044921875 0.029296875
0 0.27734375 0.7978515625 0.0390625 0.02734375
0 0.125 0.734375 0.03125 0.03125
0 0.26953125 0.517578125 0.02734375 0.037109375
0 0.3388671875 0.6240234375 0.033203125 0.025390625
0 0.6513671875 0.31640625 0.021484375 0.017578125
0 0.3662109375 0.1796875 0.033203125 0.03125
0 0.7841796875 0.212890625 0.046875 0.037109375
0 0.814453125 0.337890625 0.0234375 0.03515625
0 0.916015625 0.3525390625 0.03515625 0.029296875
0 0.9873046875 0.232421875 0.025390625 0.02734375
0 0.580078125 0.44140625 0.025390625 0.0234375
0 0.611328125 0.47265625 0.02734375 0.02734375
0 0.44140625 0.384765625 0.029296875 0.013671875
0 0.48828125 0.3916015625 0.029296875 0.03125
0 0.0654296875 0.6728515625 0.02734375 0.029296875
0 0.9033203125 0.5556640625 0.04296875 0.03125
0 0.3125 0.353515625 0.02734375 0.02734375
0 0.1025390625 0.4189453125 0.03515625 0.03125
0 0.1318359375 0.451171875 0.0234375 0.02734375