0 0.23828125 0.32421875 0.06640625 0.0859375
0 0.732421875 0.63671875 0.03515625 0.052734375
0 0.7578125 0.57421875 0.0390625 0.060546875
0 0.150390625 0.62109375 0.0390625 0.05078125
0 0.302734375 0.2109375 0.103515625 0.068359375
0 0.53515625 0.283203125 0.044921875 0.056640625
0 0.623046875 0.54296875 0.048828125 0.03515625
0 0.490234375 0.453125 0.03125 0.03125
0 0.474609375 0.1875 0.087890625 0.0234375
0 0.142578125 0.306640625 0.052734375 0.064453125
0 0.3359375 0.412109375 0.037109375 0.048828125
0 0.5625 0.3984375 0.064453125 0.078125
0 0.41015625 0.802734375 0.03125 0.025390625
0 0.580078125 0.697265625 0.041015625 0.064453125
0 0.8203125 0.556640625 0.03515625 0.0390625
0 0.6328125 0.181640625 0.033203125 0.009765625
0 0.115234375 0.443359375 0.033203125 0.03515625
0 0.62890625 0.591796875 0.025390625 0.037109375
0 0.685546875 0.650390625 0.0390625 0.04296875
0 0.7265625 0.736328125 0.056640625 0.060546875
0 0.353515625 0.646484375 0.0546875 0.041015625