0 0.875 0.3125 0.13671875 0.189453125
0 0.64453125 0.45703125 0.1953125 0.22265625
0 0.908203125 0.630859375 0.173828125 0.20703125
0 0.47265625 0.55859375 0.072265625 0.0625
0 0.548828125 0.70703125 0.10546875 0.130859375
0 0.302734375 0.41015625 0.146484375 0.171875
0 0.400390625 0.20703125 0.044921875 0.06640625
0 0.177734375 0.658203125 0.14453125 0.083984375
0 0.4140625 0.78515625 0.087890625 0.0703125
0 0.845703125 0.7890625 0.076171875 0.064453125
0 0.1171875 0.2890625 0.060546875 0.078125
0 0.162109375 0.404296875 0.068359375 0.078125
0 0.802734375 0.435546875 0.033203125 0.056640625