0 0.23046875 0.54296875 0.03125 0.03125
0 0.302734375 0.66796875 0.04296875 0.052734375
0 0.77734375 0.576171875 0.052734375 0.052734375
0 0.66796875 0.68359375 0.06640625 0.08203125
0 0.236328125 0.474609375 0.03125 0.03515625
0 0.15234375 0.19921875 0.044921875 0.0390625
0 0.869140625 0.556640625 0.03125 0.037109375
0 0.130859375 0.408203125 0.033203125 0.04296875
0 0.8046875 0.310546875 0.046875 0.048828125
0 0.373046875 0.568359375 0.04296875 0.046875
0 0.7578125 0.478515625 0.0234375 0.021484375
0 0.306640625 0.546875 0.037109375 0.025390625
0 0.5703125 0.66796875 0.02734375 0.02734375
0 0.34765625 0.421875 0.0234375 0.033203125
0 0.234375 0.17578125 0.0625 0.017578125
0 0.68359375 0.548828125 0.044921875 0.048828125
0 0.51953125 0.5546875 0.041015625 0.044921875
0 0.521484375 0.357421875 0.046875 0.044921875
0 0.44921875 0.662109375 0.04296875 0.033203125
0 0.18359375 0.591796875 0.052734375 0.041015625
0 0.703125 0.357421875 0.0390625 0.029296875
0 0.486328125 0.748046875 0.029296875 0.0234375
0 0.53515625 0.794921875 0.05859375 0.05859375