0 0.123046875 0.36328125 0.08203125 0.06640625
0 0.10546875 0.533203125 0.11328125 0.078125
0 0.20703125 0.646484375 0.0703125 0.08203125
0 0.40234375 0.662109375 0.10546875 0.11328125
0 0.39453125 0.4921875 0.064453125 0.060546875
0 0.5078125 0.56640625 0.15234375 0.078125
0 0.611328125 0.638671875 0.044921875 0.06640625
0 0.7578125 0.572265625 0.091796875 0.109375
0 0.81640625 0.6640625 0.037109375 0.064453125
0 0.83203125 0.38671875 0.05859375 0.078125
0 0.765625 0.482421875 0.052734375 0.0390625
0 0.876953125 0.5 0.09375 0.0859375
0 0.294921875 0.46875 0.060546875 0.048828125