0 0.640625 0.5732421875 0.05859375 0.076171875
0 0.7900390625 0.455078125 0.048828125 0.056640625
0 0.5478515625 0.55078125 0.05859375 0.078125
0 0.2685546875 0.376953125 0.0625 0.05859375
0 0.4775390625 0.5556640625 0.04296875 0.0546875
0 0.28125 0.4521484375 0.02734375 0.033203125
0 0.466796875 0.42578125 0.044921875 0.052734375
0 0.3671875 0.8095703125 0.046875 0.044921875
0 0.330078125 0.587890625 0.072265625 0.05859375
0 0.9580078125 0.33984375 0.05078125 0.048828125
0 0.7294921875 0.384765625 0.0390625 0.048828125
0 0.6181640625 0.4541015625 0.029296875 0.03515625
0 0.580078125 0.2578125 0.08203125 0.0703125
0 0.5068359375 0.7333984375 0.03515625 0.04296875
0 0.2021484375 0.4970703125 0.04296875 0.04296875