0 0.1796875 0.47265625 0.056640625 0.056640625
0 0.689453125 0.6376953125 0.076171875 0.076171875
0 0.7919921875 0.6630859375 0.037109375 0.044921875
0 0.8974609375 0.6572265625 0.046875 0.03125
0 0.8515625 0.705078125 0.033203125 0.0390625
0 0.7451171875 0.783203125 0.0546875 0.041015625
0 0.3818359375 0.673828125 0.046875 0.04296875
0 0.341796875 0.6083984375 0.033203125 0.044921875
0 0.759765625 0.2958984375 0.05078125 0.072265625
0 0.701171875 0.28125 0.033203125 0.046875
0 0.693359375 0.3642578125 0.048828125 0.060546875
0 0.6279296875 0.330078125 0.037109375 0.046875
0 0.509765625 0.255859375 0.037109375 0.044921875
0 0.7607421875 0.4580078125 0.037109375 0.03515625
0 0.8505859375 0.53515625 0.03125 0.037109375
0 0.9267578125 0.443359375 0.052734375 0.044921875
0 0.92578125 0.3984375 0.0390625 0.046875
0 0.9794921875 0.3203125 0.041015625 0.0546875
0 0.9189453125 0.5849609375 0.03125 0.078125
0 0.6552734375 0.5419921875 0.08984375 0.064453125
0 0.271484375 0.515625 0.0390625 0.0546875
0 0.3173828125 0.5400390625 0.046875 0.060546875
0 0.345703125 0.4814453125 0.0703125 0.052734375
0 0.40625 0.474609375 0.03515625 0.041015625
0 0.5263671875 0.576171875 0.076171875 0.037109375
0 0.501953125 0.6328125 0.033203125 0.037109375
0 0.544921875 0.6201171875 0.02734375 0.033203125
0 0.1435546875 0.685546875 0.02734375 0.037109375
0 0.1923828125 0.5751953125 0.03125 0.037109375
0 0.3056640625 0.34375 0.025390625 0.0234375
0 0.3310546875 0.3173828125 0.033203125 0.0390625
0 0.41015625 0.267578125 0.05078125 0.037109375
0 0.7802734375 0.5791015625 0.0703125 0.060546875
0 0.90625 0.4990234375 0.025390625 0.025390625
0 0.0302734375 0.640625 0.025390625 0.021484375
0 0.1513671875 0.4296875 0.02734375 0.01953125
0 0.2587890625 0.322265625 0.033203125 0.029296875
0 0.2958984375 0.205078125 0.0234375 0.025390625
0 0.5732421875 0.6826171875 0.025390625 0.046875
0 0.8388671875 0.5859375 0.01953125 0.03515625
0 0.5859375 0.2939453125 0.025390625 0.03515625