0 0.76171875 0.490234375 0.044921875 0.05078125
0 0.67578125 0.572265625 0.06640625 0.072265625
0 0.443359375 0.587890625 0.134765625 0.076171875
0 0.390625 0.69140625 0.16015625 0.111328125
0 0.126953125 0.666015625 0.107421875 0.083984375
0 0.279296875 0.669921875 0.056640625 0.060546875
0 0.087890625 0.568359375 0.162109375 0.048828125
0 0.23046875 0.5234375 0.087890625 0.119140625
0 0.072265625 0.482421875 0.119140625 0.09375
0 0.158203125 0.451171875 0.037109375 0.052734375
0 0.080078125 0.359375 0.083984375 0.060546875
0 0.296875 0.3203125 0.0390625 0.05078125
0 0.392578125 0.353515625 0.029296875 0.05078125
0 0.533203125 0.4453125 0.064453125 0.080078125
0 0.517578125 0.359375 0.02734375 0.046875
0 0.970703125 0.541015625 0.025390625 0.029296875
0 0.978515625 0.484375 0.041015625 0.0390625
0 0.75 0.380859375 0.095703125 0.056640625
0 0.8203125 0.48828125 0.0234375 0.021484375
0 0.703125 0.6796875 0.025390625 0.03125
0 0.70703125 0.798828125 0.05859375 0.041015625
0 0.64453125 0.798828125 0.05078125 0.064453125
0 0.4765625 0.7890625 0.08984375 0.0390625
0 0.337890625 0.78125 0.056640625 0.03515625
0 0.1484375 0.794921875 0.099609375 0.07421875
0 0.203125 0.728515625 0.029296875 0.0390625
0 0.244140625 0.716796875 0.033203125 0.029296875
0 0.04296875 0.7978515625 0.0859375 0.060546875
0 0.333984375 0.56640625 0.03125 0.037109375
0 0.39453125 0.48046875 0.033203125 0.029296875
0 0.392578125 0.435546875 0.046875 0.04296875
0 0.470703125 0.4140625 0.044921875 0.044921875
0 0.224609375 0.427734375 0.05078125 0.025390625
0 0.310546875 0.396484375 0.033203125 0.037109375
0 0.115234375 0.259765625 0.029296875 0.02734375
0 0.03125 0.23828125 0.03515625 0.037109375
0 0.275390625 0.23828125 0.05078125 0.0390625
0 0.400390625 0.205078125 0.056640625 0.03125
0 0.548828125 0.64453125 0.0234375 0.041015625
0 0.587890625 0.705078125 0.0234375 0.037109375
0 0.517578125 0.724609375 0.0546875 0.05859375
0 0.25 0.80859375 0.037109375 0.046875
0 0.5546875 0.814453125 0.0234375 0.033203125
0 0.640625 0.7109375 0.025390625 0.029296875
0 0.21875 0.625 0.025390625 0.0234375
0 0.01953125 0.63671875 0.013671875 0.017578125
0 0.0546875 0.65625 0.017578125 0.02734375
0 0.30859375 0.453125 0.033203125 0.0234375
0 0.578125 0.5546875 0.029296875 0.03125