0 0.5517578125 0.23828125 0.048828125 0.06640625
0 0.271484375 0.419921875 0.0546875 0.083984375
0 0.2216796875 0.66015625 0.04296875 0.080078125
0 0.5107421875 0.90234375 0.033203125 0.04296875
0 0.8076171875 0.7041015625 0.03515625 0.087890625
0 0.623046875 0.4365234375 0.08203125 0.099609375
0 0.154296875 0.123046875 0.029296875 0.078125
0 0.6123046875 0.2880859375 0.0625 0.083984375
0 0.62109375 0.6015625 0.056640625 0.0703125
0 0.443359375 0.470703125 0.0625 0.080078125
0 0.4482421875 0.4072265625 0.056640625 0.064453125
0 0.359375 0.1162109375 0.103515625 0.19140625
0 0.4443359375 0.2119140625 0.033203125 0.0546875
0 0.4873046875 0.0166015625 0.052734375 0.033203125
0 0.5771484375 0.8251953125 0.068359375 0.107421875
0 0.5615234375 0.685546875 0.064453125 0.103515625
0 0.22265625 0.8701171875 0.0546875 0.11328125
0 0.7724609375 0.8642578125 0.015625 0.0390625
0 0.5205078125 0.5693359375 0.04296875 0.076171875
0 0.671875 0.6953125 0.06640625 0.12890625
0 0.1943359375 0.2724609375 0.01953125 0.0390625
0 0.4404296875 0.1240234375 0.03125 0.046875
0 0.166015625 0.369140625 0.017578125 0.06640625
0 0.3818359375 0.6337890625 0.076171875 0.05859375
0 0.3720703125 0.5751953125 0.140625 0.068359375
0 0.4599609375 0.6259765625 0.056640625 0.0625
0 0.4609375 0.7509765625 0.119140625 0.13671875
0 0.7041015625 0.1669921875 0.12890625 0.078125