0 0.521484375 0.638671875 0.037109375 0.04296875
0 0.3154296875 0.5400390625 0.048828125 0.046875
0 0.2822265625 0.451171875 0.0390625 0.03515625
0 0.2421875 0.4873046875 0.03125 0.02734375
0 0.1865234375 0.458984375 0.03125 0.017578125
0 0.2197265625 0.4365234375 0.01953125 0.015625
0 0.53125 0.4736328125 0.06640625 0.033203125
0 0.5361328125 0.5361328125 0.09375 0.052734375
0 0.6025390625 0.537109375 0.02734375 0.0390625
0 0.6943359375 0.5576171875 0.01953125 0.025390625
0 0.7451171875 0.583984375 0.044921875 0.0546875
0 0.705078125 0.6015625 0.02734375 0.033203125
0 0.6181640625 0.650390625 0.0390625 0.033203125
0 0.568359375 0.7275390625 0.05859375 0.060546875
0 0.5712890625 0.6611328125 0.0390625 0.05859375
0 0.669921875 0.7021484375 0.029296875 0.029296875
0 0.486328125 0.71875 0.044921875 0.068359375
0 0.4345703125 0.6669921875 0.041015625 0.046875
0 0.380859375 0.623046875 0.0390625 0.0390625
0 0.4248046875 0.5654296875 0.0390625 0.044921875
0 0.400390625 0.517578125 0.046875 0.033203125
0 0.3134765625 0.4345703125 0.021484375 0.029296875
0 0.2265625 0.4052734375 0.03515625 0.025390625
0 0.2666015625 0.349609375 0.0234375 0.02734375
0 0.2275390625 0.3330078125 0.03125 0.02734375
0 0.150390625 0.375 0.02734375 0.025390625
0 0.037109375 0.361328125 0.033203125 0.033203125
0 0.0771484375 0.205078125 0.041015625 0.029296875
0 0.2294921875 0.1982421875 0.029296875 0.01953125
0 0.330078125 0.2607421875 0.04296875 0.029296875
0 0.388671875 0.26953125 0.03125 0.037109375
0 0.7607421875 0.3349609375 0.025390625 0.013671875
0 0.8046875 0.4033203125 0.0234375 0.025390625
0 0.8056640625 0.4560546875 0.025390625 0.03515625
0 0.826171875 0.517578125 0.037109375 0.046875
0 0.974609375 0.28515625 0.021484375 0.041015625
0 0.9365234375 0.203125 0.041015625 0.044921875
0 0.64453125 0.5009765625 0.041015625 0.056640625
0 0.6845703125 0.4658203125 0.021484375 0.025390625
0 0.736328125 0.41015625 0.02734375 0.01953125
0 0.693359375 0.3974609375 0.02734375 0.03125
0 0.51953125 0.380859375 0.0234375 0.03515625
0 0.4130859375 0.421875 0.037109375 0.041015625
0 0.1767578125 0.552734375 0.0390625 0.037109375
0 0.2451171875 0.5458984375 0.029296875 0.037109375
0 0.4140625 0.8095703125 0.0234375 0.033203125
0 0.1396484375 0.455078125 0.02734375 0.01953125
0 0.1376953125 0.427734375 0.03125 0.0234375
0 0.1689453125 0.41796875 0.029296875 0.0234375
0 0.009765625 0.5029296875 0.01171875 0.037109375
0 0.3125 0.3916015625 0.025390625 0.033203125
0 0.4384765625 0.3388671875 0.015625 0.029296875
0 0.4375 0.2587890625 0.02734375 0.0234375
0 0.3544921875 0.4638671875 0.029296875 0.029296875
0 0.4892578125 0.431640625 0.03125 0.033203125
0 0.517578125 0.59765625 0.021484375 0.025390625
0 0.470703125 0.6337890625 0.03125 0.03515625
0 0.78125 0.6005859375 0.025390625 0.017578125
0 0.58984375 0.265625 0.0234375 0.02734375
0 0.5703125 0.3017578125 0.025390625 0.013671875
0 0.3642578125 0.203125 0.04296875 0.03515625