0 0.16015625 0.337890625 0.041015625 0.037109375
0 0.583984375 0.3857421875 0.0625 0.06640625
0 0.8525390625 0.6474609375 0.0625 0.0625
0 0.515625 0.6552734375 0.052734375 0.048828125
0 0.578125 0.7783203125 0.064453125 0.05859375
0 0.0625 0.662109375 0.04296875 0.03515625
0 0.1923828125 0.5908203125 0.0390625 0.02734375
0 0.2138671875 0.642578125 0.033203125 0.025390625
0 0.28125 0.60546875 0.048828125 0.04296875
0 0.486328125 0.771484375 0.04296875 0.044921875
0 0.8037109375 0.3564453125 0.025390625 0.03125
0 0.376953125 0.564453125 0.056640625 0.046875
0 0.1748046875 0.40234375 0.0625 0.033203125
0 0.279296875 0.330078125 0.025390625 0.02734375