0 0.51953125 0.548828125 0.037109375 0.076171875
0 0.49609375 0.681640625 0.05859375 0.08984375
0 0.453125 0.794921875 0.099609375 0.115234375
0 0.37109375 0.921875 0.068359375 0.08984375
0 0.421875 0.5703125 0.033203125 0.076171875
0 0.501953125 0.95703125 0.052734375 0.068359375
0 0.283203125 0.826171875 0.052734375 0.072265625
0 0.185546875 0.583984375 0.025390625 0.041015625
0 0.712890625 0.30859375 0.111328125 0.205078125
0 0.28125 0.650390625 0.037109375 0.12890625
0 0.45703125 0.515625 0.03125 0.060546875
0 0.619140625 0.51953125 0.0859375 0.115234375
0 0.2109375 0.654296875 0.046875 0.0703125