0 0.3701171875 0.6064453125 0.083984375 0.078125
0 0.8603515625 0.4892578125 0.0390625 0.05078125
0 0.5302734375 0.39453125 0.0546875 0.04296875
0 0.5458984375 0.283203125 0.05078125 0.044921875
0 0.896484375 0.275390625 0.056640625 0.060546875
0 0.9208984375 0.3359375 0.01953125 0.01953125
0 0.7919921875 0.30859375 0.046875 0.0625
0 0.58984375 0.2314453125 0.0546875 0.0234375
0 0.46875 0.572265625 0.048828125 0.044921875
0 0.5048828125 0.623046875 0.048828125 0.0546875
0 0.52734375 0.73828125 0.044921875 0.07421875
0 0.568359375 0.6259765625 0.037109375 0.052734375
0 0.7314453125 0.5703125 0.0625 0.041015625
0 0.7939453125 0.6201171875 0.025390625 0.037109375
0 0.666015625 0.6611328125 0.0390625 0.048828125
0 0.6328125 0.55078125 0.0546875 0.060546875
0 0.3583984375 0.7373046875 0.029296875 0.03125
0 0.2568359375 0.6728515625 0.05078125 0.060546875
0 0.259765625 0.6015625 0.0390625 0.044921875
0 0.173828125 0.62890625 0.03125 0.02734375
0 0.10546875 0.6669921875 0.0390625 0.033203125
0 0.1826171875 0.6767578125 0.0234375 0.0234375
0 0.064453125 0.80078125 0.025390625 0.025390625
0 0.1083984375 0.830078125 0.041015625 0.033203125
0 0.3154296875 0.7822265625 0.044921875 0.05078125
0 0.5263671875 0.8076171875 0.044921875 0.0546875
0 0.6455078125 0.765625 0.033203125 0.029296875
0 0.7734375 0.787109375 0.07421875 0.046875
0 0.8759765625 0.7509765625 0.041015625 0.03125
0 0.9765625 0.736328125 0.01953125 0.025390625
0 0.455078125 0.1884765625 0.05078125 0.041015625
0 0.7529296875 0.2314453125 0.05078125 0.05078125
0 0.455078125 0.279296875 0.03125 0.02734375
0 0.1826171875 0.3603515625 0.048828125 0.03515625
0 0.1484375 0.482421875 0.03515625 0.02734375
0 0.03125 0.521484375 0.046875 0.021484375
0 0.0927734375 0.52734375 0.02734375 0.03515625
0 0.5322265625 0.470703125 0.0390625 0.037109375
0 0.7353515625 0.4619140625 0.033203125 0.03515625
0 0.794921875 0.40625 0.025390625 0.029296875
0 0.9716796875 0.3955078125 0.02734375 0.0390625
0 0.3603515625 0.4814453125 0.0390625 0.0234375