0 0.5546875 0.54296875 0.05078125 0.05859375
0 0.3466796875 0.59375 0.064453125 0.076171875
0 0.4619140625 0.62109375 0.064453125 0.068359375
0 0.4912109375 0.69140625 0.048828125 0.060546875
0 0.6669921875 0.75390625 0.0546875 0.0625
0 0.638671875 0.640625 0.048828125 0.060546875
0 0.8115234375 0.197265625 0.0546875 0.060546875
0 0.7490234375 0.6005859375 0.068359375 0.1015625
0 0.66796875 0.423828125 0.130859375 0.095703125
0 0.6005859375 0.2744140625 0.068359375 0.068359375
0 0.9501953125 0.357421875 0.044921875 0.04296875
0 0.099609375 0.658203125 0.068359375 0.048828125
0 0.7509765625 0.2626953125 0.0546875 0.052734375
0 0.4296875 0.4560546875 0.130859375 0.162109375
0 0.2626953125 0.2607421875 0.044921875 0.04296875
0 0.09765625 0.44140625 0.029296875 0.02734375
0 0.9453125 0.2158203125 0.037109375 0.04296875
0 0.029296875 0.3662109375 0.05859375 0.083984375
0 0.7861328125 0.494140625 0.09765625 0.08203125
0 0.708984375 0.6982421875 0.037109375 0.03515625
0 0.4384765625 0.4755859375 0.033203125 0.033203125
0 0.5517578125 0.7255859375 0.044921875 0.056640625
0 0.8984375 0.7568359375 0.03125 0.021484375
0 0.1708984375 0.595703125 0.041015625 0.044921875
0 0.671875 0.5341796875 0.064453125 0.0625
0 0.2392578125 0.515625 0.037109375 0.0390625
0 0.265625 0.6318359375 0.029296875 0.03515625
0 0.24609375 0.2197265625 0.048828125 0.0234375