0 0.359375 0.591796875 0.076171875 0.0703125
0 0.859375 0.52734375 0.03515625 0.046875
0 0.541015625 0.3984375 0.05078125 0.037109375
0 0.568359375 0.2890625 0.046875 0.041015625
0 0.91796875 0.318359375 0.05078125 0.0546875
0 0.935546875 0.380859375 0.017578125 0.017578125
0 0.810546875 0.33984375 0.041015625 0.05859375
0 0.6171875 0.2421875 0.052734375 0.017578125
0 0.4609375 0.568359375 0.044921875 0.041015625
0 0.4921875 0.623046875 0.04296875 0.05078125
0 0.501953125 0.740234375 0.037109375 0.0703125
0 0.5546875 0.6328125 0.03125 0.048828125
0 0.72265625 0.59375 0.05859375 0.03515625
0 0.779296875 0.650390625 0.021484375 0.03515625
0 0.6484375 0.677734375 0.03515625 0.044921875
0 0.626953125 0.564453125 0.048828125 0.056640625
0 0.333984375 0.720703125 0.02734375 0.029296875
0 0.240234375 0.646484375 0.044921875 0.056640625
0 0.25 0.576171875 0.03515625 0.041015625
0 0.162109375 0.59375 0.029296875 0.0234375
0 0.08984375 0.625 0.037109375 0.029296875
0 0.166015625 0.642578125 0.021484375 0.021484375
0 0.03515625 0.75390625 0.0234375 0.0234375
0 0.076171875 0.787109375 0.0390625 0.029296875
0 0.287109375 0.76171875 0.041015625 0.046875
0 0.494140625 0.80859375 0.0390625 0.05078125
0 0.6171875 0.779296875 0.03125 0.025390625
0 0.7421875 0.814453125 0.0703125 0.0390625
0 0.84765625 0.7890625 0.0390625 0.02734375
0 0.94921875 0.78515625 0.017578125 0.0234375
0 0.48828125 0.185546875 0.046875 0.037109375
0 0.779296875 0.259765625 0.046875 0.046875
0 0.478515625 0.275390625 0.029296875 0.0234375
0 0.19921875 0.328125 0.044921875 0.03125
0 0.15234375 0.4453125 0.033203125 0.0234375
0 0.03125 0.47265625 0.044921875 0.017578125
0 0.091796875 0.484375 0.0234375 0.033203125
0 0.53515625 0.474609375 0.03515625 0.033203125
0 0.73828125 0.486328125 0.029296875 0.033203125
0 0.802734375 0.4375 0.0234375 0.02734375
0 0.98046875 0.4453125 0.0234375 0.037109375
0 0.36328125 0.466796875 0.037109375 0.01953125