0 0.296875 0.595703125 0.052734375 0.029296875
0 0.654296875 0.45703125 0.033203125 0.046875
0 0.171875 0.74609375 0.05078125 0.044921875
0 0.1953125 0.681640625 0.03515625 0.052734375
0 0.228515625 0.724609375 0.03515625 0.03125
0 0.1640625 0.595703125 0.037109375 0.044921875
0 0.041015625 0.57421875 0.02734375 0.021484375
0 0.1171875 0.43359375 0.01953125 0.015625
0 0.255859375 0.45703125 0.138671875 0.111328125
0 0.373046875 0.611328125 0.076171875 0.125
0 0.287109375 0.673828125 0.08984375 0.064453125
0 0.375 0.71875 0.068359375 0.076171875
0 0.248046875 0.7890625 0.060546875 0.0546875
0 0.19140625 0.798828125 0.044921875 0.046875
0 0.109375 0.7421875 0.05078125 0.064453125
0 0.21875 0.591796875 0.044921875 0.05078125
0 0.130859375 0.55078125 0.095703125 0.03125
0 0.404296875 0.46484375 0.052734375 0.0546875
0 0.513671875 0.453125 0.052734375 0.037109375
0 0.49609375 0.5625 0.041015625 0.046875
0 0.607421875 0.59375 0.03125 0.03515625
0 0.615234375 0.68359375 0.0234375 0.033203125
0 0.626953125 0.7578125 0.0703125 0.046875