0 0.767578125 0.28125 0.03515625 0.05078125
0 0.623046875 0.19921875 0.029296875 0.03125
0 0.650390625 0.23828125 0.021484375 0.03125
0 0.74609375 0.44140625 0.02734375 0.02734375
0 0.720703125 0.60546875 0.033203125 0.0390625
0 0.6796875 0.560546875 0.0234375 0.03125
0 0.529296875 0.677734375 0.03515625 0.02734375
0 0.390625 0.62890625 0.013671875 0.03125
0 0.412109375 0.66796875 0.017578125 0.015625
0 0.42578125 0.69140625 0.02734375 0.0234375
0 0.4296875 0.724609375 0.01953125 0.0234375
0 0.455078125 0.791015625 0.033203125 0.029296875
0 0.34375 0.74609375 0.03125 0.04296875
0 0.236328125 0.65234375 0.037109375 0.037109375
0 0.267578125 0.58984375 0.03125 0.03515625
0 0.31640625 0.60546875 0.021484375 0.033203125
0 0.359375 0.66796875 0.033203125 0.03515625
0 0.388671875 0.697265625 0.015625 0.037109375
0 0.130859375 0.427734375 0.037109375 0.041015625
0 0.08203125 0.423828125 0.029296875 0.033203125
0 0.166015625 0.37109375 0.041015625 0.04296875
0 0.2421875 0.287109375 0.0234375 0.02734375
0 0.271484375 0.361328125 0.02734375 0.025390625
0 0.3203125 0.224609375 0.01953125 0.013671875
0 0.51953125 0.408203125 0.048828125 0.037109375
0 0.412109375 0.408203125 0.025390625 0.015625
0 0.470703125 0.478515625 0.03515625 0.041015625
0 0.65625 0.7109375 0.029296875 0.025390625
0 0.615234375 0.63671875 0.021484375 0.0234375
0 0.765625 0.806640625 0.03515625 0.0390625
0 0.978515625 0.708984375 0.017578125 0.015625
0 0.53515625 0.265625 0.01953125 0.021484375
0 0.4609375 0.333984375 0.029296875 0.033203125
0 0.50390625 0.3515625 0.033203125 0.033203125
0 0.306640625 0.416015625 0.013671875 0.013671875
0 0.34375 0.455078125 0.03515625 0.03125