0 0.296875 0.34765625 0.03515625 0.0390625
0 0.453125 0.771484375 0.04296875 0.0546875
0 0.787109375 0.390625 0.03125 0.044921875
0 0.5859375 0.765625 0.0390625 0.056640625
0 0.158203125 0.26953125 0.03125 0.041015625
0 0.404296875 0.181640625 0.03125 0.01953125
0 0.583984375 0.662109375 0.029296875 0.029296875
0 0.302734375 0.20703125 0.029296875 0.037109375
0 0.71875 0.595703125 0.0234375 0.0390625
0 0.578125 0.814453125 0.0234375 0.025390625
0 0.46875 0.466796875 0.021484375 0.029296875
0 0.759765625 0.48828125 0.037109375 0.05078125
0 0.7265625 0.54296875 0.02734375 0.03515625
0 0.83203125 0.314453125 0.0390625 0.056640625
0 0.896484375 0.185546875 0.02734375 0.025390625
0 0.341796875 0.71484375 0.0234375 0.029296875
0 0.84765625 0.23046875 0.02734375 0.03515625
0 0.365234375 0.58203125 0.037109375 0.046875
0 0.689453125 0.69921875 0.03515625 0.05078125
0 0.623046875 0.408203125 0.029296875 0.037109375
0 0.302734375 0.537109375 0.046875 0.029296875
0 0.30859375 0.5859375 0.0390625 0.03515625
0 0.169921875 0.376953125 0.052734375 0.064453125
0 0.21484375 0.439453125 0.037109375 0.037109375
0 0.1796875 0.50390625 0.0390625 0.056640625
0 0.513671875 0.21484375 0.052734375 0.03515625