0 0.763671875 0.4453125 0.08203125 0.05859375
0 0.6669921875 0.2421875 0.08203125 0.0625
0 0.6484375 0.7958984375 0.1640625 0.10546875
0 0.5283203125 0.6435546875 0.111328125 0.083984375
0 0.5498046875 0.4892578125 0.08984375 0.05078125
0 0.4970703125 0.40234375 0.09765625 0.09375
0 0.5498046875 0.296875 0.119140625 0.095703125
0 0.470703125 0.2490234375 0.080078125 0.0703125
0 0.3701171875 0.3505859375 0.080078125 0.0625
0 0.384765625 0.275390625 0.060546875 0.05078125
0 0.6015625 0.1806640625 0.109375 0.07421875
0 0.7744140625 0.2724609375 0.107421875 0.068359375
0 0.4912109375 0.58203125 0.080078125 0.046875