0 0.044921875 0.35546875 0.041015625 0.037109375
0 0.23046875 0.23046875 0.052734375 0.048828125
0 0.130859375 0.30078125 0.0625 0.052734375
0 0.244140625 0.33984375 0.044921875 0.041015625
0 0.318359375 0.333984375 0.07421875 0.064453125
0 0.263671875 0.4296875 0.115234375 0.09765625
0 0.3984375 0.43359375 0.0859375 0.095703125
0 0.4375 0.572265625 0.115234375 0.1015625
0 0.71484375 0.3984375 0.087890625 0.125
0 0.146484375 0.478515625 0.08203125 0.08984375
0 0.951171875 0.3046875 0.083984375 0.08984375
0 0.9609375 0.44140625 0.0625 0.11328125
0 0.9453125 0.564453125 0.099609375 0.087890625
0 0.84765625 0.453125 0.08984375 0.130859375
0 0.560546875 0.455078125 0.103515625 0.072265625
0 0.548828125 0.58203125 0.064453125 0.103515625
0 0.384765625 0.251953125 0.08984375 0.083984375
0 0.2421875 0.595703125 0.095703125 0.048828125
0 0.4296875 0.666015625 0.0546875 0.05078125
0 0.556640625 0.69140625 0.044921875 0.0625
0 0.13671875 0.380859375 0.083984375 0.076171875
0 0.10546875 0.2265625 0.056640625 0.072265625
0 0.734375 0.271484375 0.125 0.068359375