0 0.267578125 0.517578125 0.05078125 0.06640625
0 0.513671875 0.5625 0.03515625 0.0390625
0 0.490234375 0.509765625 0.046875 0.041015625
0 0.640625 0.408203125 0.03125 0.025390625
0 0.73046875 0.291015625 0.02734375 0.03125
0 0.55078125 0.46875 0.02734375 0.01953125
0 0.36328125 0.23046875 0.0546875 0.060546875
0 0.125 0.47265625 0.0625 0.0703125
0 0.16015625 0.267578125 0.03515625 0.03515625
0 0.431640625 0.70703125 0.0625 0.083984375
0 0.666015625 0.67578125 0.048828125 0.080078125
0 0.732421875 0.6640625 0.056640625 0.0625
0 0.755859375 0.748046875 0.04296875 0.060546875
0 0.861328125 0.65234375 0.078125 0.099609375
0 0.88671875 0.771484375 0.0546875 0.072265625
0 0.9755859375 0.630859375 0.048828125 0.046875
0 0.947265625 0.796875 0.041015625 0.064453125
0 0.39453125 0.515625 0.072265625 0.099609375
0 0.111328125 0.69921875 0.048828125 0.03125
0 0.076171875 0.744140625 0.03515625 0.033203125
0 0.15234375 0.63671875 0.05078125 0.0546875
0 0.20703125 0.580078125 0.015625 0.0234375
0 0.115234375 0.404296875 0.09765625 0.03515625