0 0.4296875 0.2421875 0.044921875 0.0625
0 0.72265625 0.404296875 0.048828125 0.080078125
0 0.7890625 0.640625 0.037109375 0.078125
0 0.517578125 0.90234375 0.03125 0.041015625
0 0.20703125 0.724609375 0.029296875 0.0859375
0 0.373046875 0.4453125 0.076171875 0.09375
0 0.818359375 0.099609375 0.0234375 0.076171875
0 0.373046875 0.296875 0.056640625 0.080078125
0 0.38671875 0.609375 0.052734375 0.06640625
0 0.5546875 0.466796875 0.056640625 0.076171875
0 0.544921875 0.404296875 0.052734375 0.060546875
0 0.61328125 0.107421875 0.08984375 0.185546875
0 0.53515625 0.208984375 0.029296875 0.052734375
0 0.478515625 0.015625 0.05078125 0.03125
0 0.4453125 0.830078125 0.060546875 0.103515625
0 0.451171875 0.689453125 0.05859375 0.099609375
0 0.802734375 0.849609375 0.046875 0.109375
0 0.25390625 0.8828125 0.013671875 0.0390625
0 0.484375 0.5703125 0.037109375 0.07421875
0 0.341796875 0.70703125 0.05859375 0.125
0 0.7890625 0.251953125 0.017578125 0.037109375
0 0.533203125 0.12109375 0.02734375 0.044921875
0 0.82421875 0.345703125 0.013671875 0.06640625
0 0.626953125 0.625 0.072265625 0.052734375
0 0.6328125 0.56640625 0.13671875 0.05859375
0 0.548828125 0.623046875 0.052734375 0.05859375
0 0.556640625 0.748046875 0.111328125 0.12890625
0 0.2734375 0.181640625 0.125 0.0703125