0 0.630859375 0.28125 0.029296875 0.04296875
0 0.806640625 0.263671875 0.05859375 0.056640625
0 0.8515625 0.322265625 0.033203125 0.033203125
0 0.880859375 0.396484375 0.03515625 0.0234375
0 0.818359375 0.40625 0.029296875 0.03515625
0 0.89453125 0.4921875 0.0234375 0.0625
0 0.888671875 0.61328125 0.037109375 0.037109375
0 0.833984375 0.6640625 0.044921875 0.078125
0 0.810546875 0.740234375 0.037109375 0.046875
0 0.837890625 0.7890625 0.021484375 0.0234375
0 0.896484375 0.71875 0.01953125 0.02734375
0 0.763671875 0.826171875 0.025390625 0.015625
0 0.81640625 0.8203125 0.033203125 0.02734375
0 0.740234375 0.77734375 0.04296875 0.01953125
0 0.66796875 0.80859375 0.041015625 0.04296875
0 0.623046875 0.810546875 0.041015625 0.041015625
0 0.5703125 0.787109375 0.046875 0.041015625
0 0.52734375 0.818359375 0.03515625 0.029296875
0 0.3984375 0.806640625 0.044921875 0.04296875
0 0.443359375 0.8203125 0.017578125 0.0234375
0 0.478515625 0.80859375 0.025390625 0.025390625
0 0.31640625 0.74609375 0.033203125 0.0546875
0 0.3515625 0.75390625 0.03515625 0.068359375
0 0.400390625 0.759765625 0.037109375 0.04296875
0 0.248046875 0.724609375 0.03515625 0.03125
0 0.263671875 0.775390625 0.041015625 0.04296875
0 0.2890625 0.68359375 0.0546875 0.033203125
0 0.27734375 0.740234375 0.017578125 0.021484375
0 0.349609375 0.697265625 0.01953125 0.017578125
0 0.25390625 0.6015625 0.02734375 0.03125
0 0.24609375 0.392578125 0.021484375 0.01953125
0 0.224609375 0.333984375 0.0234375 0.015625
0 0.1640625 0.34765625 0.017578125 0.025390625
0 0.267578125 0.44921875 0.021484375 0.017578125
0 0.310546875 0.443359375 0.021484375 0.033203125
0 0.33984375 0.390625 0.03125 0.025390625
0 0.41015625 0.220703125 0.060546875 0.044921875
0 0.375 0.2890625 0.0390625 0.052734375
0 0.318359375 0.275390625 0.0390625 0.029296875
0 0.326171875 0.23828125 0.0234375 0.029296875
0 0.34375 0.205078125 0.029296875 0.02734375
0 0.4453125 0.177734375 0.037109375 0.017578125
0 0.630859375 0.189453125 0.041015625 0.021484375
0 0.888671875 0.205078125 0.033203125 0.041015625
0 0.962890625 0.2421875 0.029296875 0.041015625
0 0.142578125 0.23828125 0.052734375 0.029296875