0 0.69140625 0.8515625 0.033203125 0.03515625
0 0.736328125 0.876953125 0.041015625 0.060546875
0 0.75390625 0.818359375 0.0546875 0.05078125
0 0.615234375 0.607421875 0.0234375 0.021484375
0 0.560546875 0.619140625 0.07421875 0.0703125
0 0.58203125 0.5390625 0.1015625 0.064453125
0 0.490234375 0.548828125 0.044921875 0.0546875
0 0.49609375 0.625 0.033203125 0.048828125
0 0.466796875 0.705078125 0.029296875 0.017578125
0 0.529296875 0.69140625 0.033203125 0.044921875
0 0.599609375 0.69140625 0.025390625 0.03125
0 0.75 0.458984375 0.0234375 0.02734375
0 0.80859375 0.513671875 0.0234375 0.03125
0 0.75390625 0.578125 0.015625 0.025390625
0 0.58984375 0.28515625 0.01953125 0.029296875
0 0.55078125 0.34375 0.037109375 0.0234375
0 0.33203125 0.4609375 0.01953125 0.025390625
0 0.19140625 0.56640625 0.033203125 0.041015625
0 0.201171875 0.62890625 0.0234375 0.029296875
0 0.30078125 0.68359375 0.0390625 0.037109375
0 0.310546875 0.7421875 0.0234375 0.025390625
0 0.26953125 0.82421875 0.025390625 0.033203125
0 0.4140625 0.873046875 0.029296875 0.033203125
0 0.458984375 0.6328125 0.017578125 0.0234375
0 0.45703125 0.59375 0.01953125 0.02734375
0 0.419921875 0.556640625 0.013671875 0.01953125
0 0.37109375 0.609375 0.025390625 0.0234375
0 0.419921875 0.52734375 0.0234375 0.01953125
0 0.4921875 0.474609375 0.025390625 0.017578125
0 0.20703125 0.38671875 0.03125 0.01953125
0 0.5234375 0.27734375 0.0546875 0.0234375
0 0.6171875 0.666015625 0.025390625 0.013671875
0 0.78125 0.90625 0.044921875 0.048828125
0 0.79296875 0.640625 0.037109375 0.05078125