0 0.185546875 0.263671875 0.052734375 0.064453125
0 0.24609375 0.4755859375 0.037109375 0.04296875
0 0.7666015625 0.5751953125 0.03515625 0.041015625
0 0.134765625 0.5888671875 0.037109375 0.041015625
0 0.3134765625 0.2021484375 0.037109375 0.048828125
0 0.0263671875 0.33984375 0.04296875 0.0546875
0 0.513671875 0.587890625 0.037109375 0.052734375
0 0.6357421875 0.6796875 0.0546875 0.080078125
0 0.5771484375 0.6669921875 0.044921875 0.0625
0 0.8798828125 0.2236328125 0.048828125 0.05859375
0 0.4619140625 0.6533203125 0.041015625 0.048828125
0 0.5673828125 0.3544921875 0.03515625 0.037109375
0 0.7236328125 0.78125 0.03125 0.037109375
0 0.65625 0.4951171875 0.046875 0.048828125
0 0.556640625 0.1728515625 0.056640625 0.013671875
0 0.6103515625 0.798828125 0.060546875 0.037109375
0 0.5361328125 0.7646484375 0.037109375 0.04296875
0 0.5556640625 0.4443359375 0.068359375 0.060546875