0 0.251953125 0.607421875 0.05078125 0.072265625
0 0.349609375 0.275390625 0.072265625 0.08984375
0 0.501953125 0.3359375 0.044921875 0.052734375
0 0.591796875 0.29296875 0.076171875 0.0625
0 0.53125 0.443359375 0.203125 0.0703125
0 0.63671875 0.57421875 0.1015625 0.048828125
0 0.458984375 0.56640625 0.083984375 0.076171875
0 0.5546875 0.779296875 0.15625 0.060546875
0 0.48828125 0.240234375 0.05859375 0.07421875
0 0.740234375 0.439453125 0.02734375 0.064453125
0 0.0625 0.55859375 0.083984375 0.0703125