0 0.7470703125 0.2587890625 0.0390625 0.052734375
0 0.5966796875 0.189453125 0.03125 0.033203125
0 0.626953125 0.2265625 0.0234375 0.033203125
0 0.740234375 0.419921875 0.029296875 0.029296875
0 0.7294921875 0.5859375 0.037109375 0.041015625
0 0.6845703125 0.544921875 0.025390625 0.033203125
0 0.544921875 0.6748046875 0.037109375 0.03125
0 0.40234375 0.6376953125 0.015625 0.033203125
0 0.4267578125 0.6748046875 0.01953125 0.017578125
0 0.4423828125 0.697265625 0.029296875 0.025390625
0 0.44921875 0.7294921875 0.021484375 0.025390625
0 0.48046875 0.7939453125 0.03515625 0.03125
0 0.3662109375 0.7587890625 0.03515625 0.044921875
0 0.2509765625 0.6748046875 0.041015625 0.041015625
0 0.2763671875 0.609375 0.03515625 0.037109375
0 0.326171875 0.62109375 0.0234375 0.03515625
0 0.375 0.6796875 0.037109375 0.037109375
0 0.40625 0.7060546875 0.01953125 0.0390625
0 0.1259765625 0.4599609375 0.041015625 0.044921875
0 0.0771484375 0.4609375 0.03125 0.03515625
0 0.15625 0.400390625 0.044921875 0.046875
0 0.224609375 0.310546875 0.025390625 0.029296875
0 0.2607421875 0.3818359375 0.029296875 0.02734375
0 0.296875 0.2412109375 0.021484375 0.015625
0 0.51171875 0.4072265625 0.052734375 0.041015625
0 0.404296875 0.416015625 0.02734375 0.017578125
0 0.46875 0.4814453125 0.0390625 0.04296875
0 0.673828125 0.6962890625 0.03125 0.02734375
0 0.626953125 0.6259765625 0.0234375 0.025390625
0 0.791015625 0.7822265625 0.0390625 0.041015625
0 0.9921875 0.6650390625 0.015625 0.017578125
0 0.5146484375 0.263671875 0.021484375 0.0234375
0 0.4462890625 0.337890625 0.03125 0.03515625
0 0.4912109375 0.3515625 0.03515625 0.03515625
0 0.2998046875 0.43359375 0.015625 0.015625
0 0.3408203125 0.46875 0.037109375 0.03515625