0 0.146484375 0.54296875 0.029296875 0.037109375
0 0.09375 0.669921875 0.0390625 0.03515625
0 0.279296875 0.705078125 0.033203125 0.0234375
0 0.259765625 0.751953125 0.025390625 0.0234375
0 0.240234375 0.814453125 0.03515625 0.013671875
0 0.322265625 0.763671875 0.02734375 0.025390625
0 0.376953125 0.81640625 0.02734375 0.0234375
0 0.443359375 0.751953125 0.080078125 0.07421875
0 0.376953125 0.57421875 0.068359375 0.05859375
0 0.44921875 0.63671875 0.072265625 0.056640625
0 0.5234375 0.541015625 0.08203125 0.06640625
0 0.55078125 0.607421875 0.029296875 0.03515625
0 0.595703125 0.59765625 0.037109375 0.03125
0 0.5859375 0.458984375 0.021484375 0.0234375
0 0.6171875 0.4453125 0.041015625 0.03125
0 0.583984375 0.5 0.05078125 0.021484375
0 0.390625 0.451171875 0.041015625 0.021484375
0 0.390625 0.517578125 0.08203125 0.029296875
0 0.28125 0.568359375 0.041015625 0.02734375
0 0.3203125 0.67578125 0.04296875 0.033203125
0 0.322265625 0.619140625 0.017578125 0.021484375
0 0.412109375 0.384765625 0.03515625 0.0390625
0 0.431640625 0.3203125 0.01953125 0.013671875
0 0.810546875 0.251953125 0.025390625 0.017578125
0 0.818359375 0.291015625 0.017578125 0.01953125
0 0.56640625 0.400390625 0.03515625 0.052734375
0 0.041015625 0.3828125 0.025390625 0.025390625
0 0.05078125 0.54296875 0.021484375 0.021484375
0 0.072265625 0.609375 0.017578125 0.017578125
0 0.185546875 0.66015625 0.017578125 0.013671875
0 0.2890625 0.619140625 0.017578125 0.03515625
0 0.22265625 0.408203125 0.0234375 0.021484375
0 0.3359375 0.36328125 0.021484375 0.033203125
0 0.494140625 0.482421875 0.025390625 0.0234375
0 0.58984375 0.537109375 0.025390625 0.033203125
0 0.482421875 0.595703125 0.0234375 0.033203125
0 0.357421875 0.630859375 0.02734375 0.01953125
0 0.46484375 0.396484375 0.025390625 0.02734375
0 0.55078125 0.740234375 0.025390625 0.033203125