0 0.263671875 0.236328125 0.06640625 0.060546875
0 0.201171875 0.283203125 0.056640625 0.046875
0 0.15234375 0.375 0.052734375 0.0390625
0 0.228515625 0.47265625 0.060546875 0.05078125
0 0.224609375 0.56640625 0.029296875 0.01953125
0 0.0625 0.541015625 0.033203125 0.033203125
0 0.080078125 0.654296875 0.03125 0.041015625
0 0.123046875 0.677734375 0.033203125 0.02734375
0 0.392578125 0.732421875 0.05078125 0.064453125
0 0.7578125 0.513671875 0.052734375 0.0546875
0 0.716796875 0.359375 0.03125 0.056640625
0 0.65234375 0.236328125 0.029296875 0.05078125
0 0.56640625 0.2890625 0.03515625 0.037109375
0 0.505859375 0.30078125 0.05859375 0.05859375
0 0.853515625 0.189453125 0.044921875 0.03515625
0 0.97265625 0.36328125 0.048828125 0.06640625
0 0.5078125 0.51171875 0.04296875 0.060546875
0 0.4296875 0.49609375 0.044921875 0.029296875
0 0.234375 0.787109375 0.068359375 0.056640625
0 0.173828125 0.8125 0.076171875 0.041015625
0 0.017578125 0.80859375 0.033203125 0.041015625
0 0.69140625 0.81640625 0.0546875 0.03515625
0 0.669921875 0.572265625 0.0390625 0.04296875
0 0.322265625 0.33984375 0.01953125 0.025390625
0 0.12890625 0.453125 0.029296875 0.02734375
0 0.796875 0.359375 0.0390625 0.048828125
0 0.310546875 0.61328125 0.03515625 0.03515625