0 0.611328125 0.28515625 0.060546875 0.044921875
0 0.3828125 0.318359375 0.02734375 0.02734375
0 0.2841796875 0.31640625 0.04296875 0.03125
0 0.3544921875 0.32421875 0.025390625 0.03515625
0 0.314453125 0.392578125 0.033203125 0.03125
0 0.435546875 0.3974609375 0.0390625 0.04296875
0 0.4248046875 0.46875 0.037109375 0.037109375
0 0.35546875 0.44140625 0.07421875 0.033203125
0 0.4697265625 0.5517578125 0.033203125 0.029296875
0 0.6201171875 0.61328125 0.095703125 0.10546875
0 0.55859375 0.6328125 0.0390625 0.03125
0 0.71484375 0.5751953125 0.044921875 0.03125
0 0.8076171875 0.5732421875 0.0390625 0.05078125
0 0.791015625 0.46875 0.046875 0.044921875
0 0.876953125 0.4775390625 0.0234375 0.013671875
0 0.80078125 0.53125 0.041015625 0.033203125
0 0.859375 0.66796875 0.05859375 0.076171875
0 0.447265625 0.60546875 0.021484375 0.01953125
0 0.4287109375 0.64453125 0.0234375 0.02734375
0 0.310546875 0.5654296875 0.013671875 0.01953125
0 0.3427734375 0.5458984375 0.029296875 0.0234375
0 0.5400390625 0.41015625 0.044921875 0.033203125
0 0.6357421875 0.4716796875 0.03125 0.033203125
0 0.37109375 0.732421875 0.02734375 0.04296875
0 0.16015625 0.576171875 0.025390625 0.029296875
0 0.2314453125 0.5087890625 0.029296875 0.03125
0 0.4970703125 0.6826171875 0.05859375 0.060546875
0 0.6123046875 0.7109375 0.056640625 0.07421875
0 0.5224609375 0.5712890625 0.046875 0.044921875
0 0.421875 0.3037109375 0.021484375 0.03515625
0 0.4794921875 0.345703125 0.025390625 0.046875
0 0.431640625 0.349609375 0.041015625 0.029296875
0 0.373046875 0.3623046875 0.06640625 0.04296875