0 0.556640625 0.240234375 0.05078125 0.05859375
0 0.638671875 0.125 0.05859375 0.064453125
0 0.689453125 0.32421875 0.037109375 0.041015625
0 0.830078125 0.029296875 0.0859375 0.056640625
0 0.8359375 0.41796875 0.169921875 0.14453125
0 0.845703125 0.37890625 0.02734375 0.029296875
0 0.669921875 0.4375 0.123046875 0.08984375
0 0.3359375 0.251953125 0.03515625 0.0390625
0 0.783203125 0.181640625 0.044921875 0.041015625
0 0.73046875 0.130859375 0.03515625 0.037109375
0 0.1328125 0.546875 0.037109375 0.041015625
0 0.55078125 0.478515625 0.12890625 0.1015625
0 0.357421875 0.326171875 0.140625 0.111328125
0 0.197265625 0.677734375 0.0546875 0.068359375
0 0.302734375 0.798828125 0.033203125 0.03515625
0 0.66796875 0.71875 0.1953125 0.189453125
0 0.431640625 0.45703125 0.080078125 0.06640625
0 0.416015625 0.72265625 0.115234375 0.11328125
0 0.720703125 0.56640625 0.06640625 0.072265625
0 0.423828125 0.236328125 0.03125 0.03515625
0 0.615234375 0.080078125 0.02734375 0.03125
0 0.94140625 0.390625 0.013671875 0.021484375
0 0.71875 0.849609375 0.037109375 0.041015625
0 0.853515625 0.798828125 0.060546875 0.0546875
0 0.92578125 0.447265625 0.0390625 0.05859375
0 0.23828125 0.568359375 0.021484375 0.025390625
0 0.71484375 0.06640625 0.1640625 0.123046875
0 0.5546875 0.587890625 0.064453125 0.052734375
0 0.560546875 0.3359375 0.025390625 0.03125
0 0.427734375 0.314453125 0.044921875 0.04296875
0 0.720703125 0.73046875 0.033203125 0.03515625
0 0.099609375 0.833984375 0.029296875 0.02734375
0 0.478515625 0.55859375 0.041015625 0.05078125
0 0.271484375 0.646484375 0.04296875 0.03515625
0 0.4453125 0.677734375 0.03515625 0.03125
0 0.548828125 0.955078125 0.033203125 0.02734375
0 0.142578125 0.6171875 0.177734375 0.22265625
0 0.19140625 0.904296875 0.03125 0.03125
0 0.234375 0.0859375 0.0234375 0.021484375
0 0.841796875 0.923828125 0.029296875 0.03125
0 0.263671875 0.947265625 0.044921875 0.041015625
0 0.908203125 0.671875 0.017578125 0.021484375
0 0.39453125 0.984375 0.044921875 0.0234375
0 0.755859375 0.08203125 0.017578125 0.015625
0 0.4609375 0.81640625 0.025390625 0.0234375
0 0.673828125 0.947265625 0.044921875 0.03515625
0 0.748046875 0.201171875 0.234375 0.203125
0 0.072265625 0.953125 0.04296875 0.03125
0 0.837890625 0.62109375 0.208984375 0.330078125
0 0.38671875 0.806640625 0.015625 0.015625
0 0.33203125 0.03125 0.029296875 0.03515625
0 0.380859375 0.546875 0.017578125 0.017578125
0 0.681640625 0.76171875 0.013671875 0.013671875
0 0.65234375 0.892578125 0.013671875 0.015625
0 0.1796875 0.822265625 0.025390625 0.02734375
0 0.798828125 0.923828125 0.013671875 0.015625
0 0.240234375 0.43359375 0.01171875 0.013671875
0 0.41796875 0.451171875 0.017578125 0.021484375
0 0.087890625 0.349609375 0.0703125 0.091796875
0 0.8125 0.98046875 0.017578125 0.017578125
0 0.79296875 0.4375 0.013671875 0.01171875
0 0.24609375 0.875 0.013671875 0.013671875
0 0.064453125 0.091796875 0.029296875 0.05078125
0 0.818359375 0.365234375 0.013671875 0.015625
0 0.498046875 0.482421875 0.03515625 0.03125
0 0.109375 0.11328125 0.02734375 0.037109375
0 0.427734375 0.744140625 0.015625 0.015625
0 0.876953125 0.791015625 0.009765625 0.01171875
0 0.642578125 0.71484375 0.017578125 0.01953125
0 0.322265625 0.19921875 0.193359375 0.19140625
0 0.533203125 0.564453125 0.66015625 0.634765625
0 0.646484375 0.93359375 0.013671875 0.017578125
0 0.72265625 0.583984375 0.01953125 0.01953125
0 0.69921875 0.697265625 0.02734375 0.033203125
0 0.197265625 0.326171875 0.21875 0.244140625