0 0.78515625 0.50390625 0.087890625 0.078125
0 0.587890625 0.4609375 0.076171875 0.0703125
0 0.66796875 0.376953125 0.0546875 0.0546875
0 0.400390625 0.646484375 0.099609375 0.099609375
0 0.412109375 0.73828125 0.0625 0.044921875
0 0.37109375 0.798828125 0.0625 0.060546875
0 0.220703125 0.697265625 0.064453125 0.05078125
0 0.267578125 0.755859375 0.0546875 0.05859375
0 0.208984375 0.822265625 0.037109375 0.02734375
0 0.072265625 0.697265625 0.03125 0.025390625
0 0.048828125 0.609375 0.0625 0.025390625
0 0.1953125 0.56640625 0.05859375 0.048828125
0 0.59375 0.763671875 0.044921875 0.052734375
0 0.681640625 0.77734375 0.04296875 0.044921875
0 0.87109375 0.1953125 0.05078125 0.052734375
0 0.46484375 0.44140625 0.06640625 0.07421875
0 0.599609375 0.376953125 0.0390625 0.04296875