0 0.154296875 0.349609375 0.0390625 0.03515625
0 0.580078125 0.3828125 0.060546875 0.064453125
0 0.857421875 0.634765625 0.060546875 0.060546875
0 0.521484375 0.654296875 0.05078125 0.046875
0 0.587890625 0.775390625 0.0625 0.056640625
0 0.068359375 0.677734375 0.041015625 0.033203125
0 0.1953125 0.6015625 0.0390625 0.025390625
0 0.21875 0.65234375 0.033203125 0.0234375
0 0.28515625 0.61328125 0.046875 0.041015625
0 0.49609375 0.771484375 0.041015625 0.04296875
0 0.798828125 0.345703125 0.0234375 0.03125
0 0.37890625 0.568359375 0.0546875 0.044921875
0 0.171875 0.4140625 0.060546875 0.03125
0 0.2734375 0.337890625 0.025390625 0.02734375