0 0.7822265625 0.5390625 0.09765625 0.087890625
0 0.591796875 0.4716796875 0.083984375 0.078125
0 0.681640625 0.3984375 0.060546875 0.060546875
0 0.3828125 0.6328125 0.111328125 0.111328125
0 0.3837890625 0.7255859375 0.068359375 0.052734375
0 0.3359375 0.78125 0.0703125 0.068359375
0 0.19921875 0.662109375 0.0703125 0.05859375
0 0.23828125 0.7255859375 0.060546875 0.064453125
0 0.171875 0.7841796875 0.041015625 0.03125
0 0.0517578125 0.6435546875 0.033203125 0.029296875
0 0.0390625 0.5537109375 0.064453125 0.033203125
0 0.189453125 0.5283203125 0.064453125 0.0546875
0 0.560546875 0.7734375 0.05078125 0.05859375
0 0.646484375 0.7978515625 0.048828125 0.05078125
0 0.9052734375 0.2431640625 0.056640625 0.05859375
0 0.47265625 0.4375 0.07421875 0.08203125
0 0.6142578125 0.3896484375 0.044921875 0.046875