0 0.9658203125 0.3955078125 0.044921875 0.041015625
0 0.7919921875 0.2548828125 0.056640625 0.052734375
0 0.884765625 0.333984375 0.06640625 0.05859375
0 0.7685546875 0.3623046875 0.048828125 0.044921875
0 0.6953125 0.3505859375 0.080078125 0.0703125
0 0.7412109375 0.4501953125 0.123046875 0.107421875
0 0.607421875 0.4423828125 0.09375 0.103515625
0 0.5556640625 0.5771484375 0.123046875 0.111328125
0 0.294921875 0.3798828125 0.09765625 0.1328125
0 0.8544921875 0.509765625 0.08984375 0.095703125
0 0.0673828125 0.265625 0.091796875 0.09765625
0 0.0458984375 0.4013671875 0.072265625 0.119140625
0 0.0517578125 0.5244140625 0.103515625 0.095703125
0 0.158203125 0.4228515625 0.1015625 0.138671875
0 0.443359375 0.4501953125 0.109375 0.080078125
0 0.4443359375 0.5771484375 0.072265625 0.109375
0 0.63671875 0.2626953125 0.09765625 0.091796875
0 0.748046875 0.6181640625 0.099609375 0.056640625
0 0.5556640625 0.671875 0.05859375 0.0546875
0 0.4267578125 0.685546875 0.05078125 0.06640625
0 0.8720703125 0.4130859375 0.08984375 0.083984375
0 0.9169921875 0.26171875 0.0625 0.076171875
0 0.2861328125 0.251953125 0.130859375 0.078125