0 0.4765625 0.384765625 0.0546875 0.0625
0 0.322265625 0.416015625 0.103515625 0.09375
0 0.537109375 0.6796875 0.060546875 0.0859375
0 0.416015625 0.546875 0.041015625 0.04296875
0 0.37109375 0.5859375 0.046875 0.07421875
0 0.412109375 0.302734375 0.041015625 0.05078125
0 0.529296875 0.470703125 0.05859375 0.056640625
0 0.921875 0.6953125 0.033203125 0.041015625
0 0.59765625 0.357421875 0.03125 0.041015625
0 0.142578125 0.181640625 0.033203125 0.021484375
0 0.466796875 0.185546875 0.09765625 0.025390625
0 0.705078125 0.48046875 0.044921875 0.041015625
0 0.435546875 0.703125 0.0546875 0.05078125
0 0.515625 0.599609375 0.044921875 0.083984375