0 0.75390625 0.25390625 0.0703125 0.064453125
0 0.8134765625 0.3046875 0.060546875 0.05078125
0 0.85546875 0.3994140625 0.0546875 0.04296875
0 0.7724609375 0.4912109375 0.064453125 0.0546875
0 0.7705078125 0.5859375 0.03125 0.021484375
0 0.93359375 0.5712890625 0.03515625 0.03515625
0 0.908203125 0.68359375 0.033203125 0.04296875
0 0.86328125 0.703125 0.03515625 0.029296875
0 0.5908203125 0.7392578125 0.0546875 0.068359375
0 0.2421875 0.49609375 0.056640625 0.05859375
0 0.2939453125 0.3447265625 0.03515625 0.05859375
0 0.3662109375 0.2265625 0.033203125 0.052734375
0 0.4482421875 0.28515625 0.037109375 0.0390625
0 0.5078125 0.30078125 0.0625 0.0625
0 0.1689453125 0.166015625 0.046875 0.0390625
0 0.0380859375 0.3310546875 0.052734375 0.0703125
0 0.4912109375 0.5107421875 0.046875 0.0625
0 0.5703125 0.5009765625 0.046875 0.033203125
0 0.7451171875 0.8046875 0.072265625 0.060546875
0 0.8037109375 0.8349609375 0.078125 0.046875
0 0.9599609375 0.841796875 0.03515625 0.04296875
0 0.287109375 0.802734375 0.056640625 0.0390625
0 0.3251953125 0.560546875 0.041015625 0.044921875
0 0.6884765625 0.3525390625 0.021484375 0.02734375
0 0.873046875 0.4794921875 0.03125 0.029296875
0 0.2138671875 0.3388671875 0.04296875 0.05078125
0 0.6806640625 0.6259765625 0.037109375 0.037109375