0 0.5263671875 0.59765625 0.0390625 0.0546875
0 0.5556640625 0.71484375 0.03125 0.05078125
0 0.6025390625 0.69140625 0.041015625 0.0390625
0 0.384765625 0.6220703125 0.0859375 0.07421875
0 0.482421875 0.546875 0.111328125 0.041015625
0 0.3798828125 0.408203125 0.03515625 0.03515625
0 0.3095703125 0.3896484375 0.033203125 0.0390625
0 0.623046875 0.294921875 0.029296875 0.0390625
0 0.66796875 0.3779296875 0.02734375 0.021484375
0 0.7099609375 0.3955078125 0.03125 0.025390625
0 0.75390625 0.4638671875 0.01171875 0.01171875
0 0.5869140625 0.439453125 0.056640625 0.029296875
0 0.5126953125 0.4482421875 0.037109375 0.04296875
0 0.7568359375 0.3203125 0.02734375 0.037109375
0 0.787109375 0.4453125 0.01953125 0.029296875
0 0.6474609375 0.5498046875 0.02734375 0.041015625
0 0.6552734375 0.6220703125 0.0234375 0.0234375
0 0.5830078125 0.5966796875 0.01171875 0.005859375
0 0.6171875 0.6328125 0.02734375 0.04296875
0 0.5087890625 0.66796875 0.03125 0.064453125
0 0.46484375 0.5927734375 0.04296875 0.037109375
0 0.46484375 0.4833984375 0.03125 0.048828125
0 0.5107421875 0.3818359375 0.033203125 0.04296875
0 0.560546875 0.365234375 0.015625 0.03515625
0 0.5458984375 0.3115234375 0.01953125 0.01953125
0 0.439453125 0.705078125 0.029296875 0.025390625
0 0.51171875 0.71875 0.037109375 0.03515625