0 0.775390625 0.5263671875 0.0390625 0.044921875
0 0.748046875 0.6083984375 0.0703125 0.08203125
0 0.04296875 0.4453125 0.044921875 0.052734375
0 0.4189453125 0.548828125 0.05078125 0.048828125
0 0.1123046875 0.271484375 0.064453125 0.07421875
0 0.181640625 0.6923828125 0.0546875 0.0703125
0 0.2158203125 0.4814453125 0.078125 0.095703125
0 0.69140625 0.751953125 0.046875 0.07421875
0 0.5947265625 0.7412109375 0.052734375 0.064453125
0 0.6162109375 0.662109375 0.072265625 0.083984375
0 0.8681640625 0.388671875 0.03515625 0.037109375
0 0.0126953125 0.2451171875 0.025390625 0.044921875
0 0.447265625 0.7548828125 0.029296875 0.04296875
0 0.7333984375 0.69921875 0.041015625 0.052734375
0 0.53125 0.5703125 0.080078125 0.087890625
0 0.4892578125 0.6728515625 0.087890625 0.125
0 0.5263671875 0.404296875 0.04296875 0.046875
0 0.6083984375 0.171875 0.041015625 0.013671875
0 0.484375 0.4716796875 0.025390625 0.0234375
0 0.9853515625 0.623046875 0.029296875 0.05078125