0 0.2392578125 0.54296875 0.052734375 0.0546875
0 0.193359375 0.49609375 0.0546875 0.0390625
0 0.2109375 0.453125 0.0390625 0.03515625
0 0.1298828125 0.4501953125 0.01953125 0.029296875
0 0.0703125 0.5400390625 0.02734375 0.0234375
0 0.1005859375 0.689453125 0.02734375 0.029296875
0 0.212890625 0.75390625 0.033203125 0.033203125
0 0.2734375 0.6904296875 0.01953125 0.021484375
0 0.24609375 0.6259765625 0.021484375 0.01953125
0 0.2900390625 0.57421875 0.029296875 0.0234375
0 0.7158203125 0.634765625 0.056640625 0.07421875
0 0.833984375 0.6318359375 0.052734375 0.0625
0 0.9091796875 0.673828125 0.05859375 0.041015625
0 0.9619140625 0.6962890625 0.041015625 0.064453125
0 0.94921875 0.78125 0.041015625 0.04296875
0 0.8837890625 0.8486328125 0.07421875 0.068359375
0 0.75 0.7255859375 0.025390625 0.029296875
0 0.6494140625 0.7900390625 0.02734375 0.03125
0 0.552734375 0.646484375 0.033203125 0.03515625
0 0.4228515625 0.6025390625 0.046875 0.046875
0 0.4814453125 0.55859375 0.029296875 0.0390625
0 0.380859375 0.5205078125 0.029296875 0.037109375
0 0.7119140625 0.427734375 0.03125 0.0234375
0 0.6513671875 0.435546875 0.03125 0.041015625
0 0.6494140625 0.376953125 0.01953125 0.015625
0 0.5380859375 0.3828125 0.02734375 0.029296875
0 0.466796875 0.4052734375 0.02734375 0.02734375
0 0.5478515625 0.4130859375 0.013671875 0.013671875
0 0.490234375 0.4716796875 0.029296875 0.03125
0 0.373046875 0.75 0.017578125 0.029296875
0 0.4130859375 0.64453125 0.01953125 0.025390625
0 0.859375 0.2490234375 0.025390625 0.017578125
0 0.818359375 0.275390625 0.033203125 0.03515625
0 0.9228515625 0.2333984375 0.015625 0.0234375
0 0.9873046875 0.2822265625 0.0078125 0.01171875
0 0.9443359375 0.32421875 0.033203125 0.0234375
0 0.865234375 0.4228515625 0.029296875 0.015625
0 0.7177734375 0.2158203125 0.01953125 0.025390625
0 0.1572265625 0.552734375 0.0234375 0.0234375
0 0.103515625 0.5419921875 0.0234375 0.0234375
0 0.205078125 0.654296875 0.021484375 0.02734375
0 0.1298828125 0.76171875 0.015625 0.01171875
0 0.119140625 0.71875 0.015625 0.0234375
0 0.6025390625 0.7548828125 0.02734375 0.0234375
0 0.6591796875 0.6943359375 0.025390625 0.02734375
0 0.6494140625 0.5986328125 0.03125 0.02734375
0 0.7763671875 0.5107421875 0.021484375 0.017578125
0 0.90625 0.5537109375 0.04296875 0.0234375
0 0.3291015625 0.640625 0.02734375 0.041015625
0 0.5517578125 0.5771484375 0.021484375 0.03125
0 0.4892578125 0.6005859375 0.0234375 0.01953125
0 0.724609375 0.4013671875 0.02734375 0.021484375
0 0.9072265625 0.4697265625 0.0390625 0.041015625
0 0.6181640625 0.3212890625 0.025390625 0.015625
0 0.8349609375 0.3046875 0.025390625 0.03125
0 0.91796875 0.2880859375 0.0546875 0.033203125
0 0.8251953125 0.2412109375 0.017578125 0.01953125
0 0.7939453125 0.2197265625 0.0234375 0.0234375
0 0.609375 0.3662109375 0.025390625 0.01953125
0 0.5537109375 0.3017578125 0.029296875 0.029296875
0 0.5107421875 0.3515625 0.044921875 0.025390625
0 0.826171875 0.708984375 0.04296875 0.033203125
0 0.787109375 0.6650390625 0.03125 0.0234375
0 0.69140625 0.76953125 0.041015625 0.03515625
0 0.435546875 0.6728515625 0.033203125 0.037109375