0 0.39453125 0.33984375 0.076171875 0.0546875
0 0.46875 0.4765625 0.04296875 0.037109375
0 0.4375 0.55078125 0.029296875 0.052734375
0 0.5078125 0.6171875 0.03515625 0.041015625
0 0.416015625 0.634765625 0.037109375 0.03515625
0 0.56640625 0.728515625 0.041015625 0.037109375
0 0.60546875 0.5625 0.037109375 0.041015625
0 0.5859375 0.501953125 0.03515625 0.03515625
0 0.662109375 0.353515625 0.041015625 0.044921875
0 0.662109375 0.17578125 0.03515625 0.05078125
0 0.75 0.18359375 0.037109375 0.041015625
0 0.849609375 0.390625 0.0546875 0.0546875
0 0.779296875 0.44140625 0.0390625 0.044921875
0 0.7265625 0.43359375 0.03125 0.052734375
0 0.75 0.560546875 0.0390625 0.041015625
0 0.744140625 0.5 0.037109375 0.04296875
0 0.802734375 0.537109375 0.033203125 0.03125
0 0.376953125 0.806640625 0.046875 0.05078125
0 0.390625 0.755859375 0.044921875 0.05859375
0 0.490234375 0.814453125 0.04296875 0.044921875
0 0.5546875 0.82421875 0.02734375 0.041015625
0 0.5703125 0.87109375 0.0234375 0.03125
0 0.54296875 0.904296875 0.03515625 0.029296875
0 0.759765625 0.84375 0.02734375 0.033203125
0 0.39453125 0.552734375 0.03125 0.07421875
0 0.525390625 0.369140625 0.048828125 0.044921875
0 0.478515625 0.3203125 0.05078125 0.048828125
0 0.515625 0.291015625 0.029296875 0.029296875
0 0.384765625 0.38671875 0.03125 0.03125
0 0.322265625 0.38671875 0.0234375 0.03515625
0 0.2109375 0.314453125 0.037109375 0.037109375
0 0.35546875 0.458984375 0.029296875 0.046875
0 0.462890625 0.39453125 0.01953125 0.033203125
0 0.552734375 0.451171875 0.037109375 0.04296875
0 0.623046875 0.40234375 0.033203125 0.046875
0 0.50390625 0.24609375 0.029296875 0.033203125
0 0.646484375 0.2421875 0.048828125 0.037109375
0 0.740234375 0.291015625 0.05078125 0.044921875
0 0.630859375 0.654296875 0.03515625 0.046875