0 0.2275390625 0.5 0.03515625 0.03515625
0 0.279296875 0.634765625 0.05078125 0.05859375
0 0.76171875 0.6181640625 0.060546875 0.060546875
0 0.63671875 0.7080078125 0.078125 0.091796875
0 0.2431640625 0.43359375 0.037109375 0.0390625
0 0.2041015625 0.1484375 0.05078125 0.044921875
0 0.85546875 0.61328125 0.037109375 0.041015625
0 0.1494140625 0.3515625 0.0390625 0.046875
0 0.8310546875 0.3603515625 0.0546875 0.0546875
0 0.3642578125 0.5478515625 0.048828125 0.052734375
0 0.7578125 0.51953125 0.02734375 0.025390625
0 0.3017578125 0.515625 0.041015625 0.03125
0 0.54296875 0.6767578125 0.03125 0.03125
0 0.361328125 0.3994140625 0.029296875 0.037109375
0 0.2880859375 0.138671875 0.064453125 0.02734375
0 0.673828125 0.5771484375 0.052734375 0.0546875
0 0.5107421875 0.556640625 0.046875 0.05078125
0 0.5439453125 0.3623046875 0.052734375 0.05078125
0 0.4248046875 0.65234375 0.046875 0.0390625
0 0.1728515625 0.541015625 0.05859375 0.048828125
0 0.72265625 0.390625 0.04296875 0.03515625
0 0.447265625 0.7431640625 0.033203125 0.02734375
0 0.48828125 0.796875 0.06640625 0.06640625