0 0.4775390625 0.3740234375 0.0859375 0.103515625
0 0.3916015625 0.49609375 0.12890625 0.09375
0 0.5380859375 0.759765625 0.123046875 0.10546875
0 0.421875 0.755859375 0.07421875 0.103515625
0 0.748046875 0.326171875 0.080078125 0.06640625
0 0.75 0.1220703125 0.076171875 0.107421875
0 0.740234375 0.6650390625 0.064453125 0.052734375
0 0.6376953125 0.7021484375 0.05859375 0.0625
0 0.2451171875 0.8525390625 0.103515625 0.080078125
0 0.29296875 0.6123046875 0.0859375 0.060546875
0 0.2568359375 0.5185546875 0.0625 0.052734375
0 0.259765625 0.3916015625 0.060546875 0.064453125
0 0.611328125 0.55078125 0.08984375 0.0703125
0 0.474609375 0.578125 0.060546875 0.060546875
0 0.328125 0.7822265625 0.048828125 0.064453125
0 0.3828125 0.8720703125 0.04296875 0.0234375
0 0.685546875 0.943359375 0.099609375 0.07421875
0 0.8095703125 0.8681640625 0.07421875 0.14453125
0 0.546875 0.890625 0.076171875 0.04296875
0 0.583984375 0.302734375 0.072265625 0.060546875
0 0.80078125 0.5732421875 0.056640625 0.05859375