0 0.755859375 0.68359375 0.04296875 0.037109375
0 0.68359375 0.6982421875 0.03125 0.046875
0 0.623046875 0.69140625 0.041015625 0.0390625
0 0.58203125 0.65234375 0.037109375 0.03125
0 0.525390625 0.66796875 0.046875 0.05859375
0 0.5927734375 0.7412109375 0.05859375 0.0625
0 0.419921875 0.6796875 0.068359375 0.09765625
0 0.345703125 0.640625 0.05859375 0.048828125
0 0.4697265625 0.5439453125 0.0546875 0.060546875
0 0.5625 0.4140625 0.046875 0.052734375
0 0.689453125 0.451171875 0.07421875 0.0546875
0 0.6162109375 0.5185546875 0.08203125 0.0625
0 0.6826171875 0.556640625 0.06640625 0.04296875
0 0.7060546875 0.5947265625 0.0546875 0.046875
0 0.623046875 0.595703125 0.06640625 0.056640625
0 0.552734375 0.580078125 0.07421875 0.048828125
0 0.4052734375 0.57421875 0.052734375 0.05078125
0 0.4873046875 0.453125 0.044921875 0.060546875
0 0.4189453125 0.4521484375 0.068359375 0.060546875
0 0.7763671875 0.560546875 0.078125 0.07421875
0 0.7646484375 0.48828125 0.048828125 0.05078125
0 0.818359375 0.6083984375 0.064453125 0.05859375
0 0.8115234375 0.658203125 0.021484375 0.01953125
0 0.7412109375 0.6376953125 0.025390625 0.029296875
0 0.7607421875 0.7138671875 0.04296875 0.033203125
0 0.7041015625 0.7822265625 0.033203125 0.041015625
0 0.4912109375 0.654296875 0.02734375 0.033203125
0 0.3564453125 0.5927734375 0.037109375 0.052734375
0 0.28125 0.6533203125 0.0390625 0.03125
0 0.2822265625 0.703125 0.0234375 0.033203125
0 0.6123046875 0.4609375 0.048828125 0.033203125
0 0.6845703125 0.4091796875 0.076171875 0.060546875
0 0.6484375 0.6416015625 0.0546875 0.04296875