0 0.951171875 0.4189453125 0.03515625 0.033203125
0 0.2685546875 0.576171875 0.056640625 0.052734375
0 0.18359375 0.2841796875 0.0390625 0.0390625
0 0.6923828125 0.2841796875 0.08984375 0.09765625
0 0.720703125 0.583984375 0.0625 0.076171875
0 0.3837890625 0.4287109375 0.09375 0.09375
0 0.7724609375 0.427734375 0.0390625 0.0390625
0 0.46875 0.54296875 0.048828125 0.0546875
0 0.1083984375 0.1279296875 0.041015625 0.025390625
0 0.3916015625 0.5400390625 0.052734375 0.068359375
0 0.830078125 0.244140625 0.0390625 0.041015625
0 0.9921875 0.29296875 0.015625 0.02734375
0 0.8193359375 0.2880859375 0.033203125 0.033203125
0 0.642578125 0.5810546875 0.05859375 0.068359375
0 0.3876953125 0.287109375 0.0546875 0.056640625
0 0.853515625 0.3837890625 0.03125 0.02734375
0 0.7333984375 0.6474609375 0.041015625 0.046875
0 0.8271484375 0.669921875 0.04296875 0.037109375
0 0.546875 0.5712890625 0.0546875 0.080078125
0 0.2451171875 0.6455078125 0.041015625 0.044921875
0 0.037109375 0.3857421875 0.05078125 0.052734375
0 0.26171875 0.1484375 0.04296875 0.02734375
0 0.025390625 0.455078125 0.048828125 0.056640625
0 0.880859375 0.4453125 0.02734375 0.029296875
0 0.0693359375 0.22265625 0.02734375 0.03515625
0 0.97265625 0.3115234375 0.029296875 0.03125
0 0.95703125 0.34765625 0.037109375 0.03125
0 0.3955078125 0.189453125 0.0703125 0.06640625
0 0.916015625 0.3037109375 0.046875 0.0390625
0 0.7919921875 0.6240234375 0.04296875 0.04296875
0 0.828125 0.408203125 0.037109375 0.037109375
0 0.916015625 0.8544921875 0.03125 0.033203125
0 0.974609375 0.365234375 0.033203125 0.03515625
0 0.9306640625 0.2861328125 0.03125 0.02734375
0 0.103515625 0.2197265625 0.048828125 0.056640625
0 0.9404296875 0.4814453125 0.064453125 0.05859375
0 0.7998046875 0.3447265625 0.04296875 0.04296875
0 0.3486328125 0.3388671875 0.07421875 0.0625
0 0.326171875 0.751953125 0.029296875 0.033203125
0 0.16015625 0.517578125 0.05078125 0.048828125
0 0.953125 0.603515625 0.044921875 0.0390625
0 0.482421875 0.6689453125 0.060546875 0.060546875
0 0.8046875 0.55078125 0.060546875 0.072265625
0 0.6279296875 0.3583984375 0.060546875 0.05078125
0 0.2529296875 0.25 0.0703125 0.05078125
0 0.1962890625 0.3466796875 0.064453125 0.056640625
0 0.3681640625 0.779296875 0.052734375 0.056640625
0 0.5546875 0.6572265625 0.06640625 0.0625
0 0.27734375 0.3994140625 0.072265625 0.05859375
0 0.6181640625 0.458984375 0.0703125 0.041015625