0 0.173828125 0.3515625 0.03125 0.033203125
0 0.2275390625 0.369140625 0.0390625 0.044921875
0 0.2626953125 0.3974609375 0.025390625 0.029296875
0 0.234375 0.4560546875 0.041015625 0.02734375
0 0.31640625 0.4658203125 0.029296875 0.037109375
0 0.421875 0.498046875 0.048828125 0.041015625
0 0.5751953125 0.572265625 0.03515625 0.037109375
0 0.80078125 0.4755859375 0.0546875 0.04296875
0 0.7177734375 0.49609375 0.0390625 0.044921875
0 0.6162109375 0.6025390625 0.025390625 0.033203125
0 0.6552734375 0.654296875 0.037109375 0.0390625
0 0.701171875 0.7373046875 0.0390625 0.048828125
0 0.62109375 0.7587890625 0.06640625 0.046875
0 0.50390625 0.7177734375 0.041015625 0.037109375
0 0.515625 0.673828125 0.029296875 0.0390625
0 0.4228515625 0.6748046875 0.029296875 0.029296875
0 0.4150390625 0.6171875 0.03515625 0.033203125
0 0.41796875 0.546875 0.03515625 0.03125
0 0.33984375 0.6298828125 0.025390625 0.013671875
0 0.251953125 0.6591796875 0.060546875 0.0625
0 0.1875 0.57421875 0.03515625 0.025390625
0 0.23046875 0.240234375 0.041015625 0.048828125
0 0.1318359375 0.3271484375 0.04296875 0.041015625
0 0.72265625 0.2783203125 0.037109375 0.029296875
0 0.375 0.69140625 0.03515625 0.03515625
0 0.3994140625 0.7373046875 0.046875 0.03515625
0 0.3212890625 0.705078125 0.037109375 0.048828125
0 0.521484375 0.55859375 0.0390625 0.05078125
0 0.576171875 0.4677734375 0.021484375 0.029296875
0 0.466796875 0.470703125 0.03515625 0.029296875
0 0.5185546875 0.4912109375 0.02734375 0.029296875
0 0.6279296875 0.4970703125 0.029296875 0.033203125
0 0.72265625 0.4296875 0.04296875 0.05078125
0 0.7841796875 0.38671875 0.017578125 0.017578125
0 0.318359375 0.3271484375 0.029296875 0.029296875
0 0.27734375 0.609375 0.037109375 0.0390625
0 0.298828125 0.654296875 0.0234375 0.02734375
0 0.529296875 0.7802734375 0.03515625 0.0390625
0 0.390625 0.7763671875 0.02734375 0.021484375