0 0.59375 0.728515625 0.072265625 0.09765625
0 0.703125 0.5546875 0.072265625 0.0859375
0 0.375 0.671875 0.06640625 0.087890625
0 0.93359375 0.265625 0.076171875 0.076171875
0 0.259765625 0.73046875 0.125 0.146484375
0 0.759765625 0.294921875 0.08984375 0.08984375
0 0.19140625 0.599609375 0.048828125 0.0625
0 0.859375 0.375 0.046875 0.060546875
0 0.845703125 0.447265625 0.140625 0.236328125
0 0.75390625 0.701171875 0.08203125 0.10546875
0 0.181640625 0.345703125 0.0390625 0.03515625
0 0.083984375 0.525390625 0.03515625 0.044921875
0 0.421875 0.46484375 0.029296875 0.03515625
0 0.263671875 0.396484375 0.044921875 0.052734375