0 0.513671875 0.373046875 0.080078125 0.09765625
0 0.607421875 0.48828125 0.123046875 0.0859375
0 0.48046875 0.76171875 0.1171875 0.09765625
0 0.595703125 0.75 0.068359375 0.099609375
0 0.240234375 0.34375 0.076171875 0.060546875
0 0.224609375 0.140625 0.068359375 0.103515625
0 0.271484375 0.681640625 0.060546875 0.048828125
0 0.376953125 0.7109375 0.0546875 0.05859375
0 0.779296875 0.833984375 0.09765625 0.07421875
0 0.71484375 0.59765625 0.08203125 0.0546875
0 0.744140625 0.501953125 0.05859375 0.048828125
0 0.732421875 0.375 0.056640625 0.060546875
0 0.392578125 0.55859375 0.0859375 0.064453125
0 0.53125 0.576171875 0.056640625 0.056640625
0 0.69140625 0.76953125 0.044921875 0.060546875
0 0.642578125 0.86328125 0.041015625 0.021484375
0 0.345703125 0.955078125 0.095703125 0.068359375
0 0.216796875 0.888671875 0.064453125 0.140625
0 0.48046875 0.892578125 0.07421875 0.037109375
0 0.40234375 0.30859375 0.068359375 0.056640625
0 0.205078125 0.59375 0.052734375 0.0546875