0 0.32421875 0.33984375 0.029296875 0.0390625
0 0.20703125 0.357421875 0.0390625 0.04296875
0 0.2578125 0.365234375 0.033203125 0.056640625
0 0.2421875 0.572265625 0.046875 0.033203125
0 0.46875 0.76953125 0.0390625 0.05078125
0 0.501953125 0.61328125 0.0703125 0.0625
0 0.419921875 0.4765625 0.0390625 0.05859375
0 0.15625 0.732421875 0.06640625 0.05078125
0 0.173828125 0.640625 0.033203125 0.03515625
0 0.419921875 0.21875 0.068359375 0.05859375
0 0.78125 0.74609375 0.056640625 0.072265625
0 0.73046875 0.8046875 0.0546875 0.0390625
0 0.6328125 0.697265625 0.04296875 0.0546875
0 0.654296875 0.611328125 0.044921875 0.052734375
0 0.498046875 0.45703125 0.068359375 0.080078125
0 0.17578125 0.802734375 0.072265625 0.0390625
0 0.31640625 0.7578125 0.05078125 0.048828125
0 0.21875 0.6796875 0.037109375 0.046875
0 0.267578125 0.6171875 0.03125 0.02734375
0 0.431640625 0.544921875 0.03125 0.02734375
0 0.556640625 0.671875 0.029296875 0.037109375
0 0.3125 0.408203125 0.03125 0.033203125
0 0.1640625 0.45703125 0.111328125 0.072265625
0 0.134765625 0.533203125 0.134765625 0.072265625
0 0.31640625 0.498046875 0.11328125 0.08984375
0 0.65625 0.296875 0.052734375 0.03515625
0 0.263671875 0.205078125 0.046875 0.037109375
0 0.115234375 0.359375 0.064453125 0.052734375