0 0.271484375 0.64453125 0.060546875 0.080078125
0 0.31640625 0.3017578125 0.0859375 0.099609375
0 0.4765625 0.337890625 0.052734375 0.05859375
0 0.55859375 0.28125 0.0859375 0.07421875
0 0.5224609375 0.439453125 0.2109375 0.1015625
0 0.646484375 0.5517578125 0.107421875 0.064453125
0 0.4697265625 0.572265625 0.095703125 0.087890625
0 0.59765625 0.767578125 0.1640625 0.083984375
0 0.4482421875 0.2451171875 0.0703125 0.08203125
0 0.7275390625 0.40234375 0.037109375 0.068359375
0 0.0771484375 0.6259765625 0.09375 0.08203125