0 0.361328125 0.287109375 0.03515625 0.03515625
0 0.48046875 0.2734375 0.03515625 0.041015625
0 0.40625 0.201171875 0.033203125 0.048828125
0 0.46875 0.20703125 0.03125 0.037109375
0 0.357421875 0.3671875 0.02734375 0.03515625
0 0.4296875 0.404296875 0.03515625 0.025390625
0 0.572265625 0.45703125 0.041015625 0.029296875
0 0.787109375 0.609375 0.103515625 0.109375
0 0.66796875 0.697265625 0.13671875 0.10546875
0 0.94140625 0.7578125 0.0390625 0.0546875
0 0.498046875 0.787109375 0.0625 0.05859375
0 0.7265625 0.7890625 0.04296875 0.0390625
0 0.890625 0.365234375 0.12890625 0.267578125
0 0.7265625 0.33203125 0.0859375 0.08203125
0 0.634765625 0.390625 0.033203125 0.04296875
0 0.923828125 0.58984375 0.041015625 0.037109375
0 0.857421875 0.7578125 0.087890625 0.123046875
0 0.27734375 0.57421875 0.06640625 0.068359375
0 0.390625 0.80078125 0.05859375 0.03125