0 0.13671875 0.61328125 0.03515625 0.056640625
0 0.5673828125 0.7861328125 0.05859375 0.060546875
0 0.212890625 0.8134765625 0.041015625 0.041015625
0 0.18359375 0.5078125 0.0625 0.095703125
0 0.7470703125 0.095703125 0.208984375 0.1015625
0 0.1337890625 0.7978515625 0.091796875 0.060546875
0 0.4375 0.7255859375 0.046875 0.044921875
0 0.5439453125 0.8798828125 0.0546875 0.037109375
0 0.017578125 0.6474609375 0.03515625 0.064453125
0 0.77734375 0.5166015625 0.037109375 0.041015625
0 0.359375 0.4873046875 0.056640625 0.083984375
0 0.376953125 0.369140625 0.064453125 0.099609375
0 0.2939453125 0.572265625 0.064453125 0.10546875
0 0.876953125 0.5263671875 0.033203125 0.041015625
0 0.974609375 0.6376953125 0.048828125 0.083984375
0 0.6640625 0.3662109375 0.048828125 0.072265625
0 0.5810546875 0.5595703125 0.0703125 0.091796875
0 0.431640625 0.8212890625 0.064453125 0.044921875
0 0.6943359375 0.78515625 0.04296875 0.05078125
0 0.265625 0.734375 0.05859375 0.072265625
0 0.560546875 0.0595703125 0.05859375 0.03125
0 0.59765625 0.166015625 0.044921875 0.07421875
0 0.8193359375 0.759765625 0.130859375 0.09765625
0 0.0517578125 0.560546875 0.05859375 0.0859375
0 0.53125 0.3994140625 0.154296875 0.154296875
0 0.720703125 0.626953125 0.1796875 0.14453125