0 0.607421875 0.2958984375 0.109375 0.095703125
0 0.7021484375 0.453125 0.09375 0.11328125
0 0.9248046875 0.466796875 0.068359375 0.10546875
0 0.8779296875 0.34765625 0.11328125 0.1484375
0 0.2236328125 0.5595703125 0.119140625 0.1015625
0 0.37109375 0.546875 0.078125 0.064453125
0 0.4384765625 0.2763671875 0.15625 0.177734375
0 0.513671875 0.685546875 0.13671875 0.11328125
0 0.6279296875 0.5869140625 0.0859375 0.111328125
0 0.7744140625 0.580078125 0.07421875 0.09765625
0 0.359375 0.4228515625 0.068359375 0.060546875