0 0.25 0.400390625 0.07421875 0.046875
0 0.380859375 0.216796875 0.07421875 0.05078125
0 0.302734375 0.765625 0.15234375 0.080078125
0 0.447265625 0.63671875 0.1015625 0.06640625
0 0.453125 0.48046875 0.083984375 0.037109375
0 0.51953125 0.404296875 0.0859375 0.080078125
0 0.486328125 0.291015625 0.107421875 0.078125
0 0.572265625 0.2578125 0.0703125 0.05859375
0 0.654296875 0.375 0.072265625 0.05078125
0 0.65234375 0.298828125 0.0546875 0.041015625
0 0.455078125 0.16796875 0.1015625 0.056640625
0 0.26953125 0.228515625 0.099609375 0.052734375
0 0.494140625 0.58203125 0.076171875 0.033203125