0 0.7607421875 0.4716796875 0.048828125 0.0546875
0 0.6806640625 0.5595703125 0.0703125 0.076171875
0 0.44921875 0.591796875 0.140625 0.0859375
0 0.404296875 0.6982421875 0.16796875 0.123046875
0 0.1396484375 0.69140625 0.11328125 0.091796875
0 0.2919921875 0.6845703125 0.060546875 0.064453125
0 0.09375 0.5966796875 0.166015625 0.060546875
0 0.232421875 0.5419921875 0.095703125 0.125
0 0.072265625 0.5126953125 0.125 0.1015625
0 0.1552734375 0.4755859375 0.041015625 0.0546875
0 0.0712890625 0.388671875 0.087890625 0.06640625
0 0.28515625 0.3349609375 0.04296875 0.052734375
0 0.3828125 0.361328125 0.033203125 0.052734375
0 0.529296875 0.443359375 0.0703125 0.083984375
0 0.5078125 0.3583984375 0.03125 0.048828125
0 0.97265625 0.5078125 0.02734375 0.03125
0 0.9765625 0.451171875 0.04296875 0.041015625
0 0.7412109375 0.36328125 0.099609375 0.0625
0 0.818359375 0.4658203125 0.025390625 0.0234375
0 0.71484375 0.6650390625 0.02734375 0.033203125
0 0.7275390625 0.783203125 0.060546875 0.044921875
0 0.6650390625 0.7880859375 0.0546875 0.068359375
0 0.4970703125 0.7900390625 0.091796875 0.044921875
0 0.357421875 0.7919921875 0.05859375 0.0390625
0 0.169921875 0.818359375 0.10546875 0.080078125
0 0.2197265625 0.7490234375 0.03125 0.041015625
0 0.259765625 0.734375 0.03515625 0.03125
0 0.064453125 0.8291015625 0.08984375 0.06640625
0 0.3388671875 0.578125 0.033203125 0.0390625
0 0.3935546875 0.48828125 0.03515625 0.03125
0 0.388671875 0.443359375 0.048828125 0.046875
0 0.46484375 0.416015625 0.048828125 0.048828125
0 0.220703125 0.447265625 0.052734375 0.029296875
0 0.3037109375 0.41015625 0.03515625 0.0390625
0 0.099609375 0.287109375 0.03125 0.029296875
0 0.015625 0.271484375 0.03125 0.0390625
0 0.2578125 0.2548828125 0.052734375 0.04296875
0 0.3798828125 0.212890625 0.05859375 0.03515625
0 0.55859375 0.640625 0.025390625 0.04296875
0 0.6015625 0.6982421875 0.025390625 0.0390625
0 0.533203125 0.72265625 0.05859375 0.0625
0 0.2724609375 0.8251953125 0.041015625 0.048828125
0 0.576171875 0.8095703125 0.025390625 0.03515625
0 0.6552734375 0.7001953125 0.02734375 0.03125
0 0.228515625 0.64453125 0.02734375 0.025390625
0 0.0302734375 0.669921875 0.015625 0.017578125
0 0.06640625 0.6865234375 0.01953125 0.029296875
0 0.3056640625 0.466796875 0.03515625 0.025390625
0 0.58203125 0.548828125 0.03125 0.033203125