0 0.076171875 0.740234375 0.1015625 0.109375
0 0.16015625 0.6171875 0.056640625 0.080078125
0 0.220703125 0.55078125 0.044921875 0.05078125
0 0.232421875 0.642578125 0.046875 0.072265625
0 0.25390625 0.728515625 0.060546875 0.056640625
0 0.306640625 0.6015625 0.056640625 0.1015625
0 0.470703125 0.666015625 0.05859375 0.078125
0 0.404296875 0.580078125 0.08984375 0.099609375
0 0.3515625 0.443359375 0.140625 0.10546875
0 0.365234375 0.345703125 0.080078125 0.05078125
0 0.658203125 0.54296875 0.048828125 0.044921875
0 0.798828125 0.572265625 0.0546875 0.06640625
0 0.861328125 0.64453125 0.048828125 0.068359375
0 0.916015625 0.76171875 0.09765625 0.09375
0 0.75390625 0.76953125 0.154296875 0.11328125
0 0.822265625 0.400390625 0.248046875 0.24609375
0 0.44921875 0.2578125 0.048828125 0.046875