0 0.3486328125 0.3173828125 0.03515625 0.04296875
0 0.2294921875 0.318359375 0.044921875 0.048828125
0 0.279296875 0.3330078125 0.041015625 0.060546875
0 0.234375 0.5361328125 0.05078125 0.0390625
0 0.431640625 0.7626953125 0.044921875 0.056640625
0 0.486328125 0.6123046875 0.078125 0.072265625
0 0.423828125 0.4658203125 0.046875 0.0625
0 0.126953125 0.6826171875 0.072265625 0.05859375
0 0.1572265625 0.59375 0.037109375 0.0390625
0 0.4599609375 0.2099609375 0.076171875 0.068359375
0 0.744140625 0.783203125 0.06640625 0.080078125
0 0.685546875 0.833984375 0.060546875 0.046875
0 0.6044921875 0.7138671875 0.05078125 0.060546875
0 0.6376953125 0.6318359375 0.052734375 0.05859375
0 0.50390625 0.45703125 0.078125 0.087890625
0 0.13671875 0.7548828125 0.076171875 0.048828125
0 0.2822265625 0.7294921875 0.056640625 0.0546875
0 0.1962890625 0.638671875 0.04296875 0.05078125
0 0.25390625 0.583984375 0.03515625 0.03125
0 0.42578125 0.53515625 0.03515625 0.03125
0 0.5322265625 0.677734375 0.033203125 0.041015625
0 0.3271484375 0.3828125 0.03515625 0.037109375
0 0.1728515625 0.4111328125 0.12109375 0.087890625
0 0.1337890625 0.482421875 0.142578125 0.08984375
0 0.318359375 0.47265625 0.125 0.10546875
0 0.6826171875 0.3203125 0.056640625 0.04296875
0 0.306640625 0.1748046875 0.05078125 0.04296875
0 0.138671875 0.3076171875 0.0703125 0.060546875