0 0.28125 0.25390625 0.056640625 0.0625
0 0.86328125 0.69921875 0.060546875 0.0546875
0 0.91015625 0.6015625 0.068359375 0.078125
0 0.529296875 0.736328125 0.052734375 0.048828125
0 0.375 0.583984375 0.05078125 0.052734375
0 0.6015625 0.1953125 0.1015625 0.05078125
0 0.119140625 0.216796875 0.06640625 0.091796875
0 0.20703125 0.72265625 0.1171875 0.103515625
0 0.70703125 0.2890625 0.052734375 0.060546875
0 0.685546875 0.69140625 0.041015625 0.046875
0 0.978515625 0.201171875 0.04296875 0.060546875
0 0.697265625 0.763671875 0.0546875 0.048828125
0 0.884765625 0.486328125 0.056640625 0.048828125
0 0.220703125 0.5390625 0.048828125 0.08203125
0 0.43359375 0.181640625 0.056640625 0.0234375
0 0.958984375 0.806640625 0.068359375 0.037109375
0 0.806640625 0.33984375 0.060546875 0.060546875
0 0.818359375 0.806640625 0.0703125 0.037109375
0 0.234375 0.18359375 0.064453125 0.025390625
0 0.97265625 0.294921875 0.052734375 0.05859375
0 0.0546875 0.306640625 0.044921875 0.060546875
0 0.94140625 0.767578125 0.041015625 0.0390625
0 0.291015625 0.408203125 0.037109375 0.044921875
0 0.390625 0.43359375 0.056640625 0.064453125
0 0.208984375 0.439453125 0.078125 0.064453125
0 0.1171875 0.48828125 0.056640625 0.046875
0 0.3828125 0.783203125 0.08984375 0.052734375
0 0.634765625 0.619140625 0.087890625 0.056640625
0 0.44921875 0.36328125 0.12890625 0.078125
0 0.673828125 0.435546875 0.072265625 0.052734375
0 0.576171875 0.5 0.140625 0.052734375