0 0.560546875 0.7392578125 0.0859375 0.107421875
0 0.693359375 0.58203125 0.083984375 0.095703125
0 0.3525390625 0.65234375 0.078125 0.095703125
0 0.958984375 0.328125 0.08203125 0.0859375
0 0.23046875 0.6943359375 0.14453125 0.162109375
0 0.7861328125 0.3330078125 0.1015625 0.1015625
0 0.1806640625 0.5556640625 0.056640625 0.068359375
0 0.873046875 0.42578125 0.0546875 0.06640625
0 0.849609375 0.49609375 0.171875 0.25390625
0 0.7236328125 0.734375 0.095703125 0.115234375
0 0.2060546875 0.302734375 0.04296875 0.041015625
0 0.0849609375 0.466796875 0.041015625 0.048828125
0 0.427734375 0.4541015625 0.033203125 0.0390625
0 0.2802734375 0.3642578125 0.052734375 0.05859375