0 0.2509765625 0.306640625 0.072265625 0.08984375
0 0.72265625 0.65234375 0.0390625 0.0546875
0 0.751953125 0.591796875 0.04296875 0.0625
0 0.142578125 0.5966796875 0.04296875 0.052734375
0 0.3232421875 0.1982421875 0.107421875 0.076171875
0 0.5498046875 0.2861328125 0.048828125 0.060546875
0 0.6201171875 0.5517578125 0.05078125 0.0390625
0 0.4931640625 0.4521484375 0.033203125 0.033203125
0 0.49609375 0.1865234375 0.08984375 0.029296875
0 0.1572265625 0.2822265625 0.056640625 0.068359375
0 0.3427734375 0.4013671875 0.041015625 0.05078125
0 0.5693359375 0.4033203125 0.0703125 0.08203125
0 0.3896484375 0.7958984375 0.033203125 0.02734375
0 0.56640625 0.7021484375 0.044921875 0.06640625
0 0.8154296875 0.5791015625 0.037109375 0.041015625
0 0.654296875 0.19140625 0.033203125 0.01171875
0 0.1201171875 0.4169921875 0.03515625 0.037109375
0 0.6220703125 0.6005859375 0.02734375 0.0390625
0 0.6748046875 0.6630859375 0.041015625 0.044921875
0 0.7099609375 0.751953125 0.060546875 0.064453125
0 0.34375 0.6357421875 0.056640625 0.044921875