0 0.453125 0.55078125 0.04296875 0.052734375
0 0.666015625 0.568359375 0.0546875 0.068359375
0 0.556640625 0.61328125 0.0546875 0.060546875
0 0.5390625 0.6875 0.041015625 0.0546875
0 0.375 0.77734375 0.046875 0.056640625
0 0.384765625 0.66015625 0.041015625 0.0546875
0 0.14453125 0.25 0.046875 0.0546875
0 0.26953125 0.638671875 0.0546875 0.09375
0 0.322265625 0.451171875 0.12109375 0.078125
0 0.365234375 0.29296875 0.060546875 0.060546875
0 0.033203125 0.4296875 0.0390625 0.037109375
0 0.919921875 0.59375 0.0625 0.0390625
0 0.21484375 0.3046875 0.048828125 0.044921875
0 0.5625 0.4453125 0.109375 0.146484375
0 0.697265625 0.2265625 0.0390625 0.037109375
0 0.888671875 0.37890625 0.025390625 0.0234375
0 0.015625 0.2890625 0.03125 0.0390625
0 0.953125 0.29296875 0.06640625 0.07421875
0 0.216796875 0.5390625 0.087890625 0.068359375
0 0.32421875 0.728515625 0.033203125 0.03125
0 0.556640625 0.466796875 0.029296875 0.029296875
0 0.484375 0.73046875 0.037109375 0.05078125
0 0.146484375 0.81640625 0.029296875 0.017578125
0 0.83984375 0.54296875 0.03515625 0.0390625
0 0.3359375 0.560546875 0.056640625 0.0546875
0 0.759765625 0.474609375 0.03125 0.03515625
0 0.751953125 0.59375 0.025390625 0.03125
0 0.70703125 0.18359375 0.046875 0.015625