0 0.283203125 0.458984375 0.08203125 0.080078125
0 0.3740234375 0.5966796875 0.087890625 0.048828125
0 0.33203125 0.6474609375 0.0390625 0.04296875
0 0.1953125 0.638671875 0.044921875 0.044921875
0 0.1396484375 0.6201171875 0.052734375 0.0546875
0 0.1064453125 0.7314453125 0.08203125 0.07421875
0 0.0439453125 0.576171875 0.05859375 0.056640625
0 0.1123046875 0.2138671875 0.07421875 0.0625
0 0.4423828125 0.4091796875 0.060546875 0.076171875
0 0.5791015625 0.455078125 0.06640625 0.0625
0 0.6611328125 0.4931640625 0.068359375 0.060546875
0 0.71484375 0.572265625 0.052734375 0.056640625
0 0.611328125 0.615234375 0.05859375 0.068359375
0 0.6923828125 0.7041015625 0.052734375 0.056640625
0 0.609375 0.8046875 0.052734375 0.05078125
0 0.546875 0.7998046875 0.0390625 0.0546875
0 0.765625 0.7294921875 0.021484375 0.029296875
0 0.833984375 0.591796875 0.037109375 0.0390625
0 0.8818359375 0.7939453125 0.0625 0.056640625
0 0.9296875 0.4716796875 0.072265625 0.046875
0 0.7060546875 0.4052734375 0.060546875 0.048828125
0 0.4912109375 0.474609375 0.0546875 0.041015625
0 0.4873046875 0.5966796875 0.04296875 0.04296875
0 0.216796875 0.5224609375 0.0390625 0.0625
0 0.1552734375 0.55078125 0.041015625 0.029296875
0 0.0654296875 0.3876953125 0.048828125 0.033203125
0 0.3994140625 0.287109375 0.025390625 0.033203125
0 0.4853515625 0.3310546875 0.025390625 0.029296875
0 0.486328125 0.2744140625 0.037109375 0.02734375
0 0.6904296875 0.3046875 0.048828125 0.029296875
0 0.740234375 0.3505859375 0.0390625 0.0390625
0 0.80859375 0.240234375 0.0390625 0.05078125
0 0.224609375 0.2236328125 0.05859375 0.0546875
0 0.142578125 0.2958984375 0.048828125 0.05078125
0 0.2314453125 0.3662109375 0.056640625 0.05859375
0 0.1884765625 0.4287109375 0.044921875 0.0390625
0 0.09765625 0.458984375 0.052734375 0.056640625