0 0.591796875 0.2509765625 0.05859375 0.064453125
0 0.689453125 0.1474609375 0.06640625 0.072265625
0 0.7119140625 0.3525390625 0.04296875 0.044921875
0 0.892578125 0.080078125 0.09375 0.068359375
0 0.84375 0.4658203125 0.1875 0.166015625
0 0.859375 0.427734375 0.03125 0.033203125
0 0.6767578125 0.4619140625 0.134765625 0.10546875
0 0.3720703125 0.2314453125 0.041015625 0.04296875
0 0.8251953125 0.224609375 0.05078125 0.046875
0 0.779296875 0.1669921875 0.0390625 0.041015625
0 0.1298828125 0.4951171875 0.04296875 0.044921875
0 0.5537109375 0.4853515625 0.142578125 0.119140625
0 0.3828125 0.3076171875 0.154296875 0.12890625
0 0.17578125 0.6337890625 0.064453125 0.076171875
0 0.2626953125 0.7685546875 0.037109375 0.0390625
0 0.6357421875 0.740234375 0.220703125 0.21484375
0 0.4384765625 0.4482421875 0.087890625 0.076171875
0 0.3857421875 0.708984375 0.12890625 0.12890625
0 0.708984375 0.5966796875 0.076171875 0.080078125
0 0.4609375 0.228515625 0.03515625 0.0390625
0 0.6728515625 0.1005859375 0.03125 0.03515625
0 0.9521484375 0.453125 0.015625 0.0234375
0 0.66796875 0.876953125 0.04296875 0.044921875
0 0.80859375 0.8447265625 0.068359375 0.0625
0 0.9287109375 0.5068359375 0.046875 0.0625
0 0.2314453125 0.53125 0.025390625 0.02734375
0 0.7734375 0.1005859375 0.1796875 0.14453125
0 0.5419921875 0.5947265625 0.0703125 0.060546875
0 0.5830078125 0.345703125 0.029296875 0.03515625
0 0.4541015625 0.306640625 0.05078125 0.048828125
0 0.6865234375 0.7587890625 0.037109375 0.0390625
0 0.056640625 0.775390625 0.033203125 0.03125
0 0.470703125 0.5546875 0.046875 0.056640625
0 0.2529296875 0.61328125 0.046875 0.041015625
0 0.4208984375 0.66796875 0.0390625 0.03515625
0 0.4853515625 0.95703125 0.037109375 0.03125
0 0.1298828125 0.56640625 0.20703125 0.24609375
0 0.1376953125 0.857421875 0.03515625 0.03515625
0 0.294921875 0.052734375 0.025390625 0.025390625
0 0.779296875 0.966796875 0.033203125 0.03515625
0 0.2041015625 0.91015625 0.05078125 0.046875
0 0.8798828125 0.7265625 0.01953125 0.0234375
0 0.328125 0.96484375 0.046875 0.029296875
0 0.8115234375 0.1220703125 0.01953125 0.017578125
0 0.4169921875 0.8076171875 0.029296875 0.02734375
0 0.6103515625 0.966796875 0.048828125 0.041015625
0 0.787109375 0.23828125 0.259765625 0.234375
0 0.0185546875 0.8896484375 0.037109375 0.037109375
0 0.8173828125 0.6669921875 0.251953125 0.35546875
0 0.3447265625 0.7880859375 0.017578125 0.017578125
0 0.3974609375 0.015625 0.033203125 0.03125
0 0.3759765625 0.5302734375 0.01953125 0.01953125
0 0.6435546875 0.7841796875 0.015625 0.015625
0 0.5966796875 0.91015625 0.015625 0.017578125
0 0.1376953125 0.7744140625 0.029296875 0.03125
0 0.7373046875 0.9609375 0.015625 0.017578125
0 0.251953125 0.3984375 0.013671875 0.015625
0 0.42578125 0.4404296875 0.01953125 0.0234375
0 0.11328125 0.2939453125 0.08203125 0.1015625
0 0.798828125 0.478515625 0.015625 0.013671875
0 0.1962890625 0.8359375 0.015625 0.015625
0 0.1259765625 0.03515625 0.03515625 0.0546875
0 0.833984375 0.4111328125 0.015625 0.017578125
0 0.5009765625 0.482421875 0.0390625 0.03515625
0 0.1669921875 0.0625 0.033203125 0.041015625
0 0.39453125 0.7314453125 0.017578125 0.017578125
0 0.8330078125 0.8408203125 0.01171875 0.013671875
0 0.611328125 0.732421875 0.01953125 0.021484375
0 0.3662109375 0.177734375 0.21875 0.216796875
0 0.5234375 0.568359375 0.7421875 0.720703125
0 0.5849609375 0.9501953125 0.015625 0.01953125
0 0.708984375 0.6142578125 0.021484375 0.021484375
0 0.669921875 0.72265625 0.03125 0.037109375
0 0.224609375 0.2861328125 0.25 0.271484375