0 0.537109375 0.408203125 0.044921875 0.041015625
0 0.4580078125 0.341796875 0.04296875 0.04296875
0 0.517578125 0.1025390625 0.041015625 0.05078125
0 0.44140625 0.0439453125 0.0390625 0.04296875
0 0.5078125 0.7919921875 0.048828125 0.04296875
0 0.3779296875 0.62890625 0.046875 0.05078125
0 0.58984375 0.56640625 0.052734375 0.048828125
0 0.5673828125 0.6103515625 0.029296875 0.03125
0 0.4599609375 0.646484375 0.044921875 0.064453125
0 0.5302734375 0.587890625 0.04296875 0.044921875
0 0.5625 0.748046875 0.041015625 0.04296875
0 0.65625 0.4423828125 0.05078125 0.04296875
0 0.7763671875 0.3330078125 0.037109375 0.044921875
0 0.5927734375 0.306640625 0.05078125 0.05078125
0 0.35546875 0.794921875 0.044921875 0.04296875
0 0.2705078125 0.865234375 0.0390625 0.037109375
0 0.19921875 0.751953125 0.0390625 0.052734375
0 0.1806640625 0.8583984375 0.04296875 0.044921875