0 0.517578125 0.3837890625 0.05859375 0.064453125
0 0.6728515625 0.4072265625 0.107421875 0.099609375
0 0.47265625 0.681640625 0.064453125 0.08984375
0 0.5859375 0.5419921875 0.04296875 0.044921875
0 0.6328125 0.5791015625 0.05078125 0.076171875
0 0.5771484375 0.298828125 0.04296875 0.052734375
0 0.46875 0.47265625 0.060546875 0.060546875
0 0.0888671875 0.716796875 0.03515625 0.04296875
0 0.39453125 0.3623046875 0.033203125 0.04296875
0 0.83984375 0.1630859375 0.03515625 0.0234375
0 0.5166015625 0.1845703125 0.099609375 0.03125
0 0.2939453125 0.4912109375 0.046875 0.04296875
0 0.5751953125 0.69921875 0.056640625 0.052734375
0 0.4892578125 0.6005859375 0.048828125 0.0859375