0 0.2265625 0.65625 0.0390625 0.033203125
0 0.296875 0.677734375 0.02734375 0.044921875
0 0.357421875 0.677734375 0.037109375 0.03515625
0 0.40234375 0.642578125 0.03515625 0.02734375
0 0.45703125 0.6640625 0.041015625 0.0546875
0 0.3828125 0.73046875 0.052734375 0.056640625
0 0.560546875 0.6875 0.05859375 0.091796875
0 0.638671875 0.65625 0.0546875 0.04296875
0 0.525390625 0.546875 0.048828125 0.056640625
0 0.447265625 0.408203125 0.04296875 0.048828125
0 0.31640625 0.431640625 0.0703125 0.046875
0 0.3828125 0.505859375 0.076171875 0.0546875
0 0.3125 0.537109375 0.0625 0.037109375
0 0.28515625 0.572265625 0.05078125 0.041015625
0 0.3671875 0.58203125 0.060546875 0.05078125
0 0.439453125 0.57421875 0.0703125 0.041015625
0 0.5859375 0.583984375 0.048828125 0.046875
0 0.517578125 0.455078125 0.0390625 0.056640625
0 0.5859375 0.4609375 0.0625 0.0546875
0 0.21875 0.53125 0.072265625 0.06640625
0 0.23828125 0.4609375 0.044921875 0.046875
0 0.171875 0.57421875 0.05859375 0.052734375
0 0.173828125 0.625 0.01953125 0.017578125
0 0.24609375 0.611328125 0.0234375 0.02734375
0 0.21875 0.685546875 0.041015625 0.029296875
0 0.267578125 0.759765625 0.029296875 0.0390625
0 0.4921875 0.654296875 0.0234375 0.03125
0 0.6328125 0.607421875 0.03125 0.048828125
0 0.701171875 0.67578125 0.037109375 0.02734375
0 0.6953125 0.724609375 0.01953125 0.03125
0 0.392578125 0.44921875 0.046875 0.029296875
0 0.326171875 0.390625 0.0703125 0.052734375
0 0.337890625 0.625 0.05078125 0.037109375