0 0.1640625 0.375 0.029296875 0.03125
0 0.21875 0.388671875 0.037109375 0.04296875
0 0.255859375 0.4140625 0.0234375 0.02734375
0 0.232421875 0.474609375 0.0390625 0.025390625
0 0.314453125 0.478515625 0.02734375 0.03515625
0 0.421875 0.50390625 0.046875 0.037109375
0 0.580078125 0.56640625 0.033203125 0.03515625
0 0.798828125 0.455078125 0.052734375 0.0390625
0 0.716796875 0.48046875 0.037109375 0.04296875
0 0.623046875 0.59375 0.0234375 0.03125
0 0.666015625 0.642578125 0.03515625 0.037109375
0 0.716796875 0.72265625 0.03515625 0.046875
0 0.638671875 0.75 0.064453125 0.04296875
0 0.51953125 0.716796875 0.0390625 0.03515625
0 0.52734375 0.671875 0.02734375 0.037109375
0 0.435546875 0.6796875 0.02734375 0.02734375
0 0.423828125 0.623046875 0.033203125 0.03125
0 0.421875 0.552734375 0.033203125 0.029296875
0 0.349609375 0.640625 0.025390625 0.01171875
0 0.263671875 0.67578125 0.056640625 0.05859375
0 0.193359375 0.595703125 0.033203125 0.0234375
0 0.212890625 0.259765625 0.037109375 0.046875
0 0.12109375 0.353515625 0.041015625 0.0390625
0 0.70703125 0.263671875 0.03515625 0.02734375
0 0.388671875 0.69921875 0.033203125 0.033203125
0 0.416015625 0.744140625 0.044921875 0.03125
0 0.3359375 0.716796875 0.033203125 0.046875
0 0.525390625 0.556640625 0.03515625 0.048828125
0 0.57421875 0.462890625 0.01953125 0.02734375
0 0.46484375 0.47265625 0.033203125 0.02734375
0 0.517578125 0.490234375 0.025390625 0.02734375
0 0.626953125 0.48828125 0.02734375 0.03125
0 0.716796875 0.4140625 0.0390625 0.048828125
0 0.775390625 0.3671875 0.015625 0.015625
0 0.306640625 0.33984375 0.02734375 0.02734375
0 0.28515625 0.625 0.03515625 0.037109375
0 0.310546875 0.66796875 0.021484375 0.025390625
0 0.548828125 0.77734375 0.033203125 0.037109375
0 0.41015625 0.783203125 0.025390625 0.01953125