0 0.31640625 0.6298828125 0.056640625 0.037109375
0 0.64453125 0.4306640625 0.041015625 0.052734375
0 0.2197265625 0.7998046875 0.05859375 0.052734375
0 0.2314453125 0.7314453125 0.04296875 0.05859375
0 0.271484375 0.7685546875 0.041015625 0.037109375
0 0.185546875 0.65234375 0.044921875 0.05078125
0 0.060546875 0.65234375 0.03125 0.025390625
0 0.111328125 0.5009765625 0.021484375 0.01953125
0 0.251953125 0.5 0.15625 0.1328125
0 0.39453125 0.6318359375 0.09765625 0.13671875
0 0.3203125 0.7080078125 0.099609375 0.078125
0 0.4150390625 0.7373046875 0.080078125 0.0859375
0 0.3017578125 0.828125 0.068359375 0.064453125
0 0.248046875 0.84765625 0.052734375 0.0546875
0 0.1572265625 0.806640625 0.060546875 0.072265625
0 0.2392578125 0.6396484375 0.052734375 0.05859375
0 0.1455078125 0.6142578125 0.099609375 0.046875
0 0.3994140625 0.482421875 0.060546875 0.0625
0 0.5048828125 0.451171875 0.05859375 0.044921875
0 0.5068359375 0.5625 0.048828125 0.052734375
0 0.6220703125 0.5732421875 0.037109375 0.041015625
0 0.6455078125 0.6611328125 0.029296875 0.037109375
0 0.669921875 0.7314453125 0.078125 0.05859375