0 0.578125 0.283203125 0.099609375 0.08203125
0 0.693359375 0.42578125 0.080078125 0.103515625
0 0.916015625 0.408203125 0.0546875 0.099609375
0 0.853515625 0.296875 0.095703125 0.13671875
0 0.234375 0.59765625 0.107421875 0.087890625
0 0.37890625 0.564453125 0.0703125 0.0546875
0 0.408203125 0.287109375 0.134765625 0.16015625
0 0.5390625 0.681640625 0.125 0.09765625
0 0.638671875 0.568359375 0.072265625 0.1015625
0 0.783203125 0.541015625 0.0625 0.08984375
0 0.349609375 0.443359375 0.0625 0.052734375