0 0.9541015625 0.22265625 0.04296875 0.052734375
0 0.86328125 0.2470703125 0.0859375 0.08203125
0 0.880859375 0.3603515625 0.056640625 0.048828125
0 0.7734375 0.3583984375 0.05078125 0.05859375
0 0.70703125 0.412109375 0.05859375 0.064453125
0 0.609375 0.369140625 0.05859375 0.041015625
0 0.6259765625 0.46484375 0.0390625 0.060546875
0 0.43359375 0.4736328125 0.119140625 0.09375
0 0.5078125 0.3671875 0.029296875 0.041015625
0 0.4248046875 0.3427734375 0.05078125 0.021484375
0 0.5791015625 0.3251953125 0.01953125 0.029296875
0 0.337890625 0.4111328125 0.078125 0.080078125
0 0.2265625 0.3876953125 0.056640625 0.05078125
0 0.2119140625 0.3193359375 0.033203125 0.0390625
0 0.15625 0.408203125 0.05859375 0.09765625
0 0.07421875 0.376953125 0.103515625 0.107421875
0 0.615234375 0.63671875 0.03515625 0.04296875
0 0.6201171875 0.564453125 0.0390625 0.064453125
0 0.7255859375 0.568359375 0.033203125 0.03125
0 0.6845703125 0.6572265625 0.033203125 0.0390625
0 0.640625 0.71875 0.056640625 0.03515625
0 0.6533203125 0.7861328125 0.046875 0.060546875
0 0.828125 0.626953125 0.052734375 0.052734375
0 0.931640625 0.513671875 0.029296875 0.0390625
0 0.5068359375 0.68359375 0.037109375 0.060546875
0 0.486328125 0.599609375 0.025390625 0.0234375
0 0.3935546875 0.552734375 0.03515625 0.044921875
0 0.2431640625 0.5458984375 0.021484375 0.03125
0 0.3310546875 0.6494140625 0.03515625 0.04296875
0 0.3056640625 0.5732421875 0.03125 0.041015625
0 0.3505859375 0.7568359375 0.041015625 0.05078125
0 0.328125 0.7138671875 0.044921875 0.029296875
0 0.3056640625 0.759765625 0.02734375 0.0390625
0 0.212890625 0.7314453125 0.046875 0.04296875
0 0.2529296875 0.658203125 0.01953125 0.01953125
0 0.4716796875 0.7763671875 0.03515625 0.033203125
0 0.1142578125 0.2490234375 0.029296875 0.03515625
0 0.7177734375 0.349609375 0.0390625 0.041015625
0 0.484375 0.63671875 0.0390625 0.0390625
0 0.7890625 0.7060546875 0.0390625 0.060546875
0 0.7529296875 0.666015625 0.04296875 0.044921875
0 0.5478515625 0.3583984375 0.021484375 0.033203125