0 0.1796875 0.478515625 0.0546875 0.056640625
0 0.69140625 0.634765625 0.07421875 0.07421875
0 0.794921875 0.658203125 0.037109375 0.044921875
0 0.900390625 0.650390625 0.046875 0.03125
0 0.85546875 0.69921875 0.033203125 0.0390625
0 0.75 0.779296875 0.0546875 0.041015625
0 0.384765625 0.67578125 0.046875 0.04296875
0 0.34375 0.611328125 0.033203125 0.044921875
0 0.755859375 0.291015625 0.048828125 0.072265625
0 0.697265625 0.27734375 0.033203125 0.046875
0 0.69140625 0.361328125 0.046875 0.060546875
0 0.625 0.328125 0.037109375 0.046875
0 0.505859375 0.255859375 0.037109375 0.044921875
0 0.759765625 0.453125 0.037109375 0.03515625
0 0.8515625 0.529296875 0.03125 0.037109375
0 0.92578125 0.435546875 0.052734375 0.044921875
0 0.923828125 0.390625 0.0390625 0.046875
0 0.978515625 0.3125 0.04296875 0.0546875
0 0.919921875 0.578125 0.029296875 0.078125
0 0.65625 0.5390625 0.087890625 0.0625
0 0.271484375 0.51953125 0.0390625 0.0546875
0 0.318359375 0.54296875 0.044921875 0.060546875
0 0.345703125 0.484375 0.0703125 0.05078125
0 0.40625 0.4765625 0.03515625 0.041015625
0 0.52734375 0.576171875 0.076171875 0.03515625
0 0.50390625 0.6328125 0.033203125 0.037109375
0 0.546875 0.619140625 0.02734375 0.033203125
0 0.146484375 0.69140625 0.02734375 0.037109375
0 0.193359375 0.580078125 0.03125 0.037109375
0 0.302734375 0.34765625 0.025390625 0.0234375
0 0.328125 0.3203125 0.033203125 0.0390625
0 0.40625 0.26953125 0.05078125 0.037109375
0 0.78125 0.57421875 0.068359375 0.05859375
0 0.90625 0.4921875 0.025390625 0.025390625
0 0.033203125 0.6484375 0.025390625 0.021484375
0 0.150390625 0.435546875 0.02734375 0.01953125
0 0.255859375 0.326171875 0.033203125 0.029296875
0 0.291015625 0.208984375 0.0234375 0.025390625
0 0.576171875 0.681640625 0.025390625 0.046875
0 0.83984375 0.580078125 0.01953125 0.03515625
0 0.58203125 0.29296875 0.025390625 0.03515625