0 0.7548828125 0.5244140625 0.078125 0.072265625
0 0.5908203125 0.201171875 0.08984375 0.109375
0 0.3447265625 0.6298828125 0.052734375 0.06640625
0 0.552734375 0.55859375 0.09765625 0.0859375
0 0.796875 0.63671875 0.083984375 0.1015625
0 0.298828125 0.330078125 0.134765625 0.21875
0 0.38671875 0.7734375 0.041015625 0.056640625
0 0.203125 0.23828125 0.07421875 0.064453125
0 0.412109375 0.5712890625 0.046875 0.0625
0 0.9833984375 0.578125 0.033203125 0.05078125
0 0.740234375 0.193359375 0.0546875 0.064453125
0 0.716796875 0.41796875 0.07421875 0.072265625
0 0.3154296875 0.2568359375 0.048828125 0.05078125
0 0.7568359375 0.3505859375 0.048828125 0.056640625
0 0.193359375 0.6015625 0.033203125 0.0390625
0 0.3564453125 0.4833984375 0.064453125 0.0625
0 0.2060546875 0.5546875 0.04296875 0.04296875
0 0.0966796875 0.626953125 0.052734375 0.052734375
0 0.6376953125 0.658203125 0.126953125 0.140625
0 0.4130859375 0.349609375 0.060546875 0.056640625
0 0.140625 0.23046875 0.046875 0.025390625
0 0.9521484375 0.408203125 0.033203125 0.029296875
0 0.0732421875 0.2392578125 0.04296875 0.021484375
0 0.5791015625 0.42578125 0.11328125 0.12109375
0 0.609375 0.5166015625 0.041015625 0.046875