0 0.2841796875 0.8369140625 0.03515625 0.037109375
0 0.23828125 0.859375 0.044921875 0.0625
0 0.224609375 0.7998046875 0.05859375 0.0546875
0 0.3779296875 0.599609375 0.025390625 0.0234375
0 0.431640625 0.6142578125 0.078125 0.076171875
0 0.4150390625 0.533203125 0.10546875 0.072265625
0 0.505859375 0.5498046875 0.048828125 0.05859375
0 0.4951171875 0.625 0.037109375 0.05078125
0 0.5185546875 0.70703125 0.03125 0.01953125
0 0.45703125 0.6884765625 0.037109375 0.046875
0 0.3876953125 0.68359375 0.02734375 0.033203125
0 0.25390625 0.44140625 0.025390625 0.029296875
0 0.19140625 0.4921875 0.025390625 0.033203125
0 0.2412109375 0.560546875 0.017578125 0.02734375
0 0.42578125 0.279296875 0.021484375 0.03125
0 0.4599609375 0.3408203125 0.0390625 0.025390625
0 0.669921875 0.47265625 0.021484375 0.02734375
0 0.802734375 0.587890625 0.03515625 0.04296875
0 0.7890625 0.6494140625 0.025390625 0.03125
0 0.685546875 0.697265625 0.041015625 0.0390625
0 0.671875 0.7548828125 0.025390625 0.02734375
0 0.70703125 0.83984375 0.02734375 0.03515625
0 0.5595703125 0.8779296875 0.03125 0.03515625
0 0.53125 0.6357421875 0.01953125 0.025390625
0 0.5361328125 0.5966796875 0.021484375 0.029296875
0 0.576171875 0.5625 0.015625 0.01953125
0 0.62109375 0.6181640625 0.02734375 0.025390625
0 0.578125 0.533203125 0.025390625 0.021484375
0 0.509765625 0.4755859375 0.02734375 0.01953125
0 0.7998046875 0.4072265625 0.033203125 0.021484375
0 0.4921875 0.2763671875 0.056640625 0.02734375
0 0.37109375 0.6572265625 0.025390625 0.015625
0 0.19140625 0.8857421875 0.048828125 0.052734375
0 0.1982421875 0.6201171875 0.041015625 0.052734375