0 0.5234375 0.638671875 0.037109375 0.04296875
0 0.31640625 0.54296875 0.048828125 0.046875
0 0.28125 0.455078125 0.0390625 0.03515625
0 0.2421875 0.4921875 0.03125 0.02734375
0 0.185546875 0.46484375 0.03125 0.017578125
0 0.21875 0.44140625 0.01953125 0.015625
0 0.53125 0.47265625 0.06640625 0.03125
0 0.537109375 0.53515625 0.09375 0.05078125
0 0.603515625 0.53515625 0.02734375 0.0390625
0 0.6953125 0.5546875 0.01953125 0.025390625
0 0.74609375 0.580078125 0.044921875 0.0546875
0 0.70703125 0.59765625 0.02734375 0.033203125
0 0.62109375 0.6484375 0.0390625 0.033203125
0 0.572265625 0.7265625 0.056640625 0.05859375
0 0.57421875 0.66015625 0.037109375 0.05859375
0 0.673828125 0.69921875 0.029296875 0.029296875
0 0.490234375 0.71875 0.04296875 0.068359375
0 0.4375 0.66796875 0.041015625 0.046875
0 0.3828125 0.625 0.0390625 0.0390625
0 0.42578125 0.56640625 0.0390625 0.044921875
0 0.400390625 0.51953125 0.046875 0.033203125
0 0.3125 0.4375 0.021484375 0.029296875
0 0.224609375 0.41015625 0.03515625 0.025390625
0 0.263671875 0.353515625 0.0234375 0.02734375
0 0.224609375 0.337890625 0.03125 0.02734375
0 0.1484375 0.380859375 0.02734375 0.025390625
0 0.03515625 0.369140625 0.033203125 0.033203125
0 0.072265625 0.212890625 0.041015625 0.029296875
0 0.224609375 0.203125 0.029296875 0.01953125
0 0.326171875 0.263671875 0.04296875 0.029296875
0 0.384765625 0.271484375 0.03125 0.037109375
0 0.7578125 0.330078125 0.025390625 0.013671875
0 0.802734375 0.3984375 0.0234375 0.025390625
0 0.8046875 0.451171875 0.025390625 0.03515625
0 0.826171875 0.51171875 0.037109375 0.046875
0 0.970703125 0.27734375 0.021484375 0.041015625
0 0.931640625 0.1953125 0.041015625 0.044921875
0 0.64453125 0.498046875 0.0390625 0.056640625
0 0.68359375 0.462890625 0.021484375 0.025390625
0 0.734375 0.40625 0.02734375 0.01953125
0 0.69140625 0.39453125 0.02734375 0.03125
0 0.517578125 0.380859375 0.0234375 0.03515625
0 0.412109375 0.423828125 0.037109375 0.041015625
0 0.177734375 0.55859375 0.0390625 0.037109375
0 0.24609375 0.55078125 0.029296875 0.037109375
0 0.419921875 0.810546875 0.0234375 0.033203125
0 0.138671875 0.4609375 0.02734375 0.01953125
0 0.13671875 0.43359375 0.03125 0.0234375
0 0.16796875 0.423828125 0.029296875 0.0234375
0 0.009765625 0.51171875 0.01171875 0.037109375
0 0.310546875 0.39453125 0.025390625 0.033203125
0 0.435546875 0.33984375 0.015625 0.029296875
0 0.43359375 0.259765625 0.02734375 0.0234375
0 0.353515625 0.466796875 0.029296875 0.029296875
0 0.48828125 0.431640625 0.03125 0.033203125
0 0.51953125 0.59765625 0.021484375 0.025390625
0 0.47265625 0.634765625 0.03125 0.03515625
0 0.783203125 0.595703125 0.025390625 0.017578125
0 0.5859375 0.263671875 0.0234375 0.02734375
0 0.56640625 0.30078125 0.025390625 0.013671875
0 0.359375 0.205078125 0.04296875 0.03515625