0 0.16796875 0.44921875 0.046875 0.052734375
0 0.2265625 0.498046875 0.048828125 0.046875
0 0.337890625 0.494140625 0.060546875 0.060546875
0 0.4921875 0.455078125 0.080078125 0.06640625
0 0.580078125 0.501953125 0.044921875 0.05078125
0 0.453125 0.3515625 0.029296875 0.025390625
0 0.345703125 0.4140625 0.064453125 0.0546875
0 0.41796875 0.470703125 0.0390625 0.064453125
0 0.169921875 0.56640625 0.08203125 0.083984375
0 0.07421875 0.470703125 0.03125 0.021484375
0 0.083984375 0.560546875 0.0390625 0.044921875
0 0.19140625 0.64453125 0.033203125 0.041015625
0 0.298828125 0.69140625 0.044921875 0.0390625
0 0.28125 0.744140625 0.056640625 0.05078125
0 0.34375 0.755859375 0.021484375 0.02734375
0 0.43359375 0.81640625 0.04296875 0.025390625
0 0.298828125 0.8125 0.037109375 0.025390625
0 0.142578125 0.759765625 0.029296875 0.029296875
0 0.271484375 0.533203125 0.025390625 0.03515625
0 0.34765625 0.634765625 0.03125 0.0234375
0 0.638671875 0.306640625 0.01953125 0.015625
0 0.34375 0.189453125 0.03125 0.029296875
0 0.763671875 0.193359375 0.044921875 0.033203125
0 0.802734375 0.31640625 0.021484375 0.033203125
0 0.904296875 0.32421875 0.033203125 0.02734375
0 0.97265625 0.19921875 0.03125 0.025390625
0 0.576171875 0.435546875 0.0234375 0.021484375
0 0.609375 0.46484375 0.025390625 0.025390625
0 0.43359375 0.388671875 0.029296875 0.01171875
0 0.48046875 0.392578125 0.02734375 0.029296875
0 0.078125 0.703125 0.025390625 0.02734375
0 0.90625 0.52734375 0.041015625 0.029296875
0 0.302734375 0.3671875 0.025390625 0.025390625
0 0.09765625 0.447265625 0.033203125 0.029296875
0 0.12890625 0.4765625 0.021484375 0.025390625