0 0.041015625 0.23046875 0.04296875 0.052734375
0 0.1328125 0.25390625 0.083984375 0.080078125
0 0.1171875 0.3671875 0.056640625 0.046875
0 0.224609375 0.36328125 0.048828125 0.05859375
0 0.291015625 0.416015625 0.056640625 0.0625
0 0.388671875 0.37109375 0.05859375 0.0390625
0 0.373046875 0.466796875 0.037109375 0.060546875
0 0.56640625 0.47265625 0.1171875 0.091796875
0 0.490234375 0.3671875 0.029296875 0.041015625
0 0.572265625 0.341796875 0.05078125 0.021484375
0 0.41796875 0.326171875 0.01953125 0.029296875
0 0.66015625 0.408203125 0.076171875 0.078125
0 0.771484375 0.3828125 0.056640625 0.048828125
0 0.78515625 0.314453125 0.033203125 0.0390625
0 0.841796875 0.40234375 0.056640625 0.09765625
0 0.923828125 0.369140625 0.1015625 0.10546875
0 0.38671875 0.638671875 0.03515625 0.04296875
0 0.380859375 0.56640625 0.037109375 0.064453125
0 0.275390625 0.572265625 0.033203125 0.03125
0 0.318359375 0.66015625 0.033203125 0.0390625
0 0.36328125 0.720703125 0.056640625 0.033203125
0 0.3515625 0.7890625 0.044921875 0.060546875
0 0.173828125 0.6328125 0.052734375 0.052734375
0 0.068359375 0.521484375 0.029296875 0.0390625
0 0.49609375 0.68359375 0.03515625 0.060546875
0 0.515625 0.599609375 0.025390625 0.0234375
0 0.607421875 0.55078125 0.03515625 0.044921875
0 0.7578125 0.541015625 0.021484375 0.03125
0 0.671875 0.646484375 0.03515625 0.04296875
0 0.6953125 0.5703125 0.03125 0.041015625
0 0.654296875 0.75390625 0.041015625 0.05078125
0 0.67578125 0.7109375 0.044921875 0.029296875
0 0.69921875 0.755859375 0.02734375 0.0390625
0 0.791015625 0.7265625 0.046875 0.04296875
0 0.75 0.654296875 0.01953125 0.01953125
0 0.533203125 0.775390625 0.03515625 0.033203125
0 0.880859375 0.2421875 0.029296875 0.03515625
0 0.279296875 0.353515625 0.0390625 0.041015625
0 0.517578125 0.63671875 0.0390625 0.0390625
0 0.21484375 0.7109375 0.037109375 0.060546875
0 0.25 0.669921875 0.04296875 0.044921875
0 0.44921875 0.359375 0.021484375 0.033203125