0 0.26953125 0.587890625 0.046875 0.05078125
0 0.36328125 0.6640625 0.052734375 0.0703125
0 0.21875 0.705078125 0.044921875 0.052734375
0 0.35546875 0.744140625 0.037109375 0.0546875
0 0.091796875 0.345703125 0.046875 0.05078125
0 0.30859375 0.365234375 0.052734375 0.064453125
0 0.572265625 0.548828125 0.03125 0.04296875
0 0.177734375 0.51171875 0.078125 0.064453125
0 0.408203125 0.552734375 0.064453125 0.06640625
0 0.21484375 0.630859375 0.03125 0.046875
0 0.2109375 0.330078125 0.03515625 0.044921875
0 0.8203125 0.353515625 0.052734375 0.0625
0 0.103515625 0.572265625 0.06640625 0.078125
0 0.533203125 0.271484375 0.068359375 0.06640625
0 0.19140625 0.77734375 0.0234375 0.029296875
0 0.2265625 0.8125 0.033203125 0.03125
0 0.138671875 0.654296875 0.0390625 0.044921875
0 0.494140625 0.556640625 0.037109375 0.0546875
0 0.31640625 0.775390625 0.03125 0.04296875
0 0.966796875 0.751953125 0.021484375 0.02734375
0 0.939453125 0.34765625 0.04296875 0.052734375
0 0.373046875 0.466796875 0.056640625 0.05859375
0 0.35546875 0.5234375 0.0390625 0.04296875
0 0.5625 0.66015625 0.056640625 0.060546875
0 0.673828125 0.439453125 0.1328125 0.123046875
0 0.5 0.4140625 0.12109375 0.083984375