0 0.748046875 0.564453125 0.068359375 0.0625
0 0.63671875 0.21875 0.076171875 0.099609375
0 0.326171875 0.603515625 0.04296875 0.060546875
0 0.54296875 0.56640625 0.087890625 0.072265625
0 0.771484375 0.681640625 0.0703125 0.091796875
0 0.328125 0.30078125 0.103515625 0.205078125
0 0.345703125 0.751953125 0.033203125 0.052734375
0 0.248046875 0.1953125 0.06640625 0.0546875
0 0.40234375 0.556640625 0.0390625 0.056640625
0 0.96875 0.654296875 0.03515625 0.044921875
0 0.78515625 0.234375 0.046875 0.05859375
0 0.7265625 0.453125 0.064453125 0.0625
0 0.35546875 0.23046875 0.04296875 0.044921875
0 0.77734375 0.392578125 0.041015625 0.05078125
0 0.181640625 0.552734375 0.02734375 0.03515625
0 0.361328125 0.4609375 0.056640625 0.0546875
0 0.201171875 0.5078125 0.037109375 0.037109375
0 0.08203125 0.5625 0.046875 0.046875
0 0.611328125 0.677734375 0.109375 0.125
0 0.4375 0.337890625 0.052734375 0.048828125
0 0.1875 0.177734375 0.044921875 0.01953125
0 0.9609375 0.48046875 0.029296875 0.025390625
0 0.119140625 0.17578125 0.041015625 0.015625
0 0.58984375 0.439453125 0.09765625 0.107421875
0 0.60546875 0.533203125 0.03515625 0.041015625