0 0.2744140625 0.599609375 0.048828125 0.052734375
0 0.3720703125 0.6708984375 0.056640625 0.072265625
0 0.2294921875 0.7197265625 0.046875 0.0546875
0 0.3681640625 0.7509765625 0.0390625 0.056640625
0 0.083984375 0.3671875 0.048828125 0.052734375
0 0.3017578125 0.375 0.056640625 0.06640625
0 0.5751953125 0.544921875 0.033203125 0.044921875
0 0.1787109375 0.5283203125 0.08203125 0.068359375
0 0.4111328125 0.5576171875 0.068359375 0.0703125
0 0.2216796875 0.6455078125 0.033203125 0.048828125
0 0.2021484375 0.345703125 0.037109375 0.046875
0 0.8125 0.3369140625 0.056640625 0.064453125
0 0.107421875 0.5927734375 0.0703125 0.08203125
0 0.521484375 0.2705078125 0.072265625 0.0703125
0 0.2060546875 0.79296875 0.025390625 0.03125
0 0.2431640625 0.826171875 0.03515625 0.033203125
0 0.1474609375 0.6728515625 0.041015625 0.046875
0 0.4970703125 0.556640625 0.0390625 0.056640625
0 0.3310546875 0.7841796875 0.033203125 0.044921875
0 0.9794921875 0.7275390625 0.0234375 0.029296875
0 0.9306640625 0.3251953125 0.044921875 0.0546875
0 0.37109375 0.4736328125 0.060546875 0.060546875
0 0.3564453125 0.53125 0.041015625 0.044921875
0 0.5703125 0.65625 0.060546875 0.0625
0 0.6708984375 0.4306640625 0.138671875 0.12890625
0 0.4951171875 0.4140625 0.125 0.08984375