0 0.1435546875 0.505859375 0.033203125 0.0390625
0 0.078125 0.626953125 0.04296875 0.0390625
0 0.2587890625 0.6806640625 0.03515625 0.02734375
0 0.234375 0.7255859375 0.02734375 0.025390625
0 0.208984375 0.78515625 0.037109375 0.017578125
0 0.2958984375 0.7431640625 0.029296875 0.02734375
0 0.3447265625 0.8017578125 0.029296875 0.025390625
0 0.4169921875 0.7451171875 0.087890625 0.08203125
0 0.3701171875 0.560546875 0.07421875 0.064453125
0 0.435546875 0.630859375 0.078125 0.064453125
0 0.5185546875 0.54296875 0.087890625 0.07421875
0 0.5390625 0.6123046875 0.033203125 0.037109375
0 0.5849609375 0.607421875 0.041015625 0.03515625
0 0.58984375 0.4677734375 0.0234375 0.025390625
0 0.6220703125 0.4580078125 0.044921875 0.03515625
0 0.583984375 0.5087890625 0.052734375 0.02734375
0 0.396484375 0.4404296875 0.04296875 0.025390625
0 0.3896484375 0.505859375 0.083984375 0.037109375
0 0.275390625 0.544921875 0.04296875 0.03125
0 0.302734375 0.65625 0.046875 0.037109375
0 0.310546875 0.599609375 0.01953125 0.0234375
0 0.4248046875 0.3759765625 0.0390625 0.04296875
0 0.451171875 0.314453125 0.021484375 0.015625
0 0.8349609375 0.2861328125 0.02734375 0.01953125
0 0.8388671875 0.3251953125 0.01953125 0.021484375
0 0.576171875 0.408203125 0.041015625 0.056640625
0 0.0556640625 0.3359375 0.02734375 0.02734375
0 0.048828125 0.49609375 0.0234375 0.0234375
0 0.0634765625 0.564453125 0.01953125 0.01953125
0 0.1708984375 0.6259765625 0.01953125 0.015625
0 0.27734375 0.5966796875 0.021484375 0.037109375
0 0.2333984375 0.3798828125 0.025390625 0.0234375
0 0.3515625 0.3466796875 0.025390625 0.03515625
0 0.49609375 0.4814453125 0.02734375 0.025390625
0 0.5859375 0.5458984375 0.029296875 0.03515625
0 0.47265625 0.59375 0.02734375 0.03515625
0 0.3447265625 0.615234375 0.029296875 0.021484375
0 0.4755859375 0.3935546875 0.02734375 0.029296875
0 0.525390625 0.744140625 0.029296875 0.03515625