0 0.2744140625 0.544921875 0.0703125 0.060546875
0 0.416015625 0.6298828125 0.0546875 0.052734375
0 0.4951171875 0.662109375 0.056640625 0.060546875
0 0.5302734375 0.41796875 0.078125 0.0859375
0 0.650390625 0.4638671875 0.0390625 0.02734375
0 0.333984375 0.291015625 0.0546875 0.048828125
0 0.4677734375 0.28515625 0.146484375 0.080078125
0 0.11328125 0.2763671875 0.111328125 0.0703125
0 0.4033203125 0.4345703125 0.087890625 0.0859375
0 0.8134765625 0.416015625 0.068359375 0.0703125
0 0.62109375 0.28125 0.1015625 0.087890625