0 0.279296875 0.564453125 0.06640625 0.0546875
0 0.427734375 0.63671875 0.05078125 0.048828125
0 0.509765625 0.662109375 0.052734375 0.056640625
0 0.5234375 0.416015625 0.072265625 0.080078125
0 0.646484375 0.451171875 0.037109375 0.0234375
0 0.31640625 0.306640625 0.05078125 0.044921875
0 0.44921875 0.2890625 0.140625 0.068359375
0 0.095703125 0.310546875 0.107421875 0.060546875
0 0.3984375 0.443359375 0.08203125 0.078125
0 0.8046875 0.388671875 0.0625 0.064453125
0 0.6015625 0.271484375 0.095703125 0.080078125