0 0.861328125 0.619140625 0.033203125 0.056640625
0 0.427734375 0.78515625 0.056640625 0.05859375
0 0.78125 0.818359375 0.041015625 0.041015625
0 0.81640625 0.513671875 0.060546875 0.09375
0 0.259765625 0.091796875 0.20703125 0.09765625
0 0.861328125 0.8046875 0.08984375 0.05859375
0 0.55859375 0.7265625 0.046875 0.044921875
0 0.44921875 0.87890625 0.0546875 0.037109375
0 0.98046875 0.65625 0.037109375 0.064453125
0 0.22265625 0.51171875 0.037109375 0.041015625
0 0.640625 0.490234375 0.0546875 0.083984375
0 0.625 0.37109375 0.0625 0.09765625
0 0.705078125 0.576171875 0.0625 0.103515625
0 0.123046875 0.51953125 0.033203125 0.041015625
0 0.0234375 0.6298828125 0.046875 0.083984375
0 0.337890625 0.36328125 0.046875 0.072265625
0 0.41796875 0.55859375 0.068359375 0.08984375
0 0.5625 0.822265625 0.064453125 0.04296875
0 0.30078125 0.78125 0.04296875 0.05078125
0 0.73046875 0.73828125 0.056640625 0.0703125
0 0.447265625 0.05859375 0.05859375 0.029296875
0 0.408203125 0.1640625 0.04296875 0.07421875
0 0.17578125 0.75390625 0.12890625 0.095703125
0 0.947265625 0.568359375 0.056640625 0.0859375
0 0.470703125 0.3984375 0.15234375 0.15234375
0 0.27734375 0.623046875 0.177734375 0.140625