0 0.7734375 0.541015625 0.037109375 0.04296875
0 0.7421875 0.62109375 0.06640625 0.078125
0 0.046875 0.421875 0.04296875 0.05078125
0 0.416015625 0.544921875 0.048828125 0.046875
0 0.125 0.251953125 0.060546875 0.0703125
0 0.171875 0.67578125 0.05078125 0.068359375
0 0.216796875 0.466796875 0.07421875 0.091796875
0 0.677734375 0.76171875 0.04296875 0.072265625
0 0.58203125 0.74609375 0.048828125 0.0625
0 0.607421875 0.66796875 0.068359375 0.080078125
0 0.873046875 0.408203125 0.033203125 0.03515625
0 0.021484375 0.220703125 0.03515625 0.04296875
0 0.43359375 0.751953125 0.02734375 0.041015625
0 0.72265625 0.7109375 0.0390625 0.05078125
0 0.52734375 0.572265625 0.076171875 0.083984375
0 0.48046875 0.671875 0.08203125 0.12109375
0 0.53125 0.40625 0.041015625 0.044921875
0 0.625 0.177734375 0.041015625 0.01171875
0 0.486328125 0.470703125 0.0234375 0.021484375
0 0.982421875 0.6484375 0.03515625 0.048828125