0 0.376953125 0.2763671875 0.03125 0.044921875
0 0.2021484375 0.2529296875 0.060546875 0.05859375
0 0.1552734375 0.310546875 0.03515625 0.03515625
0 0.123046875 0.3828125 0.03515625 0.025390625
0 0.185546875 0.3955078125 0.03125 0.037109375
0 0.1064453125 0.478515625 0.025390625 0.0625
0 0.107421875 0.599609375 0.0390625 0.0390625
0 0.16015625 0.65234375 0.046875 0.080078125
0 0.181640625 0.7294921875 0.0390625 0.048828125
0 0.15234375 0.77734375 0.021484375 0.0234375
0 0.095703125 0.705078125 0.01953125 0.02734375
0 0.2255859375 0.81640625 0.025390625 0.015625
0 0.1728515625 0.80859375 0.033203125 0.029296875
0 0.25 0.7685546875 0.04296875 0.021484375
0 0.3212890625 0.802734375 0.04296875 0.044921875
0 0.3662109375 0.8056640625 0.04296875 0.04296875
0 0.419921875 0.7841796875 0.048828125 0.04296875
0 0.4619140625 0.8173828125 0.037109375 0.03125
0 0.5908203125 0.8095703125 0.046875 0.044921875
0 0.5458984375 0.822265625 0.017578125 0.0234375
0 0.5107421875 0.8095703125 0.025390625 0.025390625
0 0.6748046875 0.751953125 0.03515625 0.056640625
0 0.6396484375 0.7587890625 0.037109375 0.0703125
0 0.5908203125 0.7626953125 0.0390625 0.044921875
0 0.744140625 0.7333984375 0.037109375 0.033203125
0 0.7265625 0.783203125 0.04296875 0.044921875
0 0.7041015625 0.6904296875 0.056640625 0.03515625
0 0.7138671875 0.748046875 0.017578125 0.021484375
0 0.6435546875 0.7021484375 0.01953125 0.017578125
0 0.7421875 0.6103515625 0.029296875 0.03125
0 0.7578125 0.4013671875 0.021484375 0.01953125
0 0.78125 0.34375 0.0234375 0.015625
0 0.8408203125 0.359375 0.017578125 0.025390625
0 0.734375 0.45703125 0.021484375 0.017578125
0 0.69140625 0.4501953125 0.0234375 0.033203125
0 0.6640625 0.396484375 0.03125 0.02734375
0 0.599609375 0.2236328125 0.0625 0.046875
0 0.6318359375 0.2939453125 0.041015625 0.0546875
0 0.689453125 0.2822265625 0.041015625 0.03125
0 0.6826171875 0.244140625 0.025390625 0.029296875
0 0.666015625 0.2109375 0.029296875 0.029296875
0 0.5654296875 0.1796875 0.037109375 0.01953125
0 0.3798828125 0.185546875 0.041015625 0.0234375
0 0.1220703125 0.19140625 0.03515625 0.04296875
0 0.046875 0.2265625 0.03125 0.04296875
0 0.8662109375 0.2509765625 0.0546875 0.03125