0 0.40234375 0.748046875 0.041015625 0.0390625
0 0.296875 0.796875 0.041015625 0.083984375
0 0.181640625 0.68359375 0.021484375 0.048828125
0 0.26953125 0.71875 0.0234375 0.04296875
0 0.642578125 0.943359375 0.05078125 0.072265625
0 0.619140625 0.763671875 0.01953125 0.029296875
0 0.33203125 0.8671875 0.017578125 0.029296875
0 0.3515625 0.5703125 0.029296875 0.04296875
0 0.40234375 0.8125 0.01953125 0.02734375
0 0.6015625 0.859375 0.0234375 0.0390625
0 0.412109375 0.58203125 0.04296875 0.12109375
0 0.5703125 0.76953125 0.017578125 0.033203125
0 0.595703125 0.7109375 0.029296875 0.044921875
0 0.279296875 0.62109375 0.017578125 0.033203125
0 0.52734375 0.890625 0.037109375 0.03125
0 0.15234375 0.955078125 0.025390625 0.03515625
0 0.583984375 0.212890625 0.025390625 0.02734375
0 0.361328125 0.34375 0.037109375 0.052734375
0 0.435546875 0.28515625 0.087890625 0.107421875
0 0.19921875 0.759765625 0.021484375 0.02734375
0 0.23828125 0.83203125 0.03125 0.048828125
0 0.380859375 0.45703125 0.072265625 0.076171875
0 0.494140625 0.94140625 0.095703125 0.060546875
0 0.572265625 0.9296875 0.056640625 0.041015625
0 0.52734375 0.28125 0.056640625 0.1171875
0 0.693359375 0.2265625 0.138671875 0.091796875