0 0.4033203125 0.3349609375 0.078125 0.05859375
0 0.4697265625 0.474609375 0.044921875 0.0390625
0 0.4345703125 0.5478515625 0.03125 0.0546875
0 0.501953125 0.6171875 0.037109375 0.04296875
0 0.4091796875 0.6298828125 0.0390625 0.037109375
0 0.5546875 0.7314453125 0.04296875 0.0390625
0 0.6025390625 0.568359375 0.0390625 0.04296875
0 0.5859375 0.5068359375 0.037109375 0.037109375
0 0.669921875 0.3623046875 0.04296875 0.046875
0 0.6787109375 0.1845703125 0.037109375 0.052734375
0 0.7666015625 0.197265625 0.0390625 0.04296875
0 0.8544921875 0.4091796875 0.056640625 0.056640625
0 0.7822265625 0.4560546875 0.041015625 0.046875
0 0.7294921875 0.4453125 0.033203125 0.0546875
0 0.74609375 0.5732421875 0.041015625 0.04296875
0 0.744140625 0.5126953125 0.0390625 0.044921875
0 0.80078125 0.552734375 0.03515625 0.033203125
0 0.361328125 0.7998046875 0.048828125 0.052734375
0 0.376953125 0.75 0.048828125 0.060546875
0 0.4736328125 0.8134765625 0.044921875 0.046875
0 0.5380859375 0.826171875 0.029296875 0.04296875
0 0.55078125 0.8740234375 0.025390625 0.033203125
0 0.521484375 0.90625 0.037109375 0.03125
0 0.7412109375 0.8564453125 0.029296875 0.03515625
0 0.3916015625 0.546875 0.03515625 0.076171875
0 0.5322265625 0.37109375 0.05078125 0.046875
0 0.48828125 0.3193359375 0.052734375 0.05078125
0 0.5263671875 0.2919921875 0.03125 0.03125
0 0.390625 0.380859375 0.033203125 0.033203125
0 0.328125 0.3779296875 0.025390625 0.037109375
0 0.220703125 0.2998046875 0.0390625 0.0390625
0 0.357421875 0.451171875 0.03125 0.048828125
0 0.46875 0.392578125 0.021484375 0.03515625
0 0.5556640625 0.4541015625 0.0390625 0.044921875
0 0.6279296875 0.4091796875 0.03515625 0.048828125
0 0.517578125 0.2470703125 0.03125 0.03515625
0 0.66015625 0.25 0.05078125 0.0390625
0 0.7509765625 0.3037109375 0.052734375 0.046875
0 0.623046875 0.6611328125 0.037109375 0.048828125