0 0.8994140625 0.373046875 0.1640625 0.208984375
0 0.6494140625 0.48046875 0.228515625 0.25
0 0.8828125 0.693359375 0.203125 0.232421875
0 0.4638671875 0.5537109375 0.08203125 0.072265625
0 0.515625 0.7119140625 0.125 0.146484375
0 0.3193359375 0.380859375 0.171875 0.193359375
0 0.447265625 0.1953125 0.0546875 0.072265625
0 0.1572265625 0.60546875 0.15625 0.10546875
0 0.3701171875 0.7685546875 0.09765625 0.083984375
0 0.7958984375 0.83984375 0.0859375 0.076171875
0 0.1552734375 0.2314453125 0.072265625 0.0859375
0 0.181640625 0.3525390625 0.080078125 0.087890625
0 0.8095703125 0.4833984375 0.041015625 0.060546875