0 0.935546875 0.357421875 0.03125 0.029296875
0 0.28125 0.607421875 0.05078125 0.046875
0 0.15625 0.330078125 0.03515625 0.03515625
0 0.66015625 0.259765625 0.078125 0.087890625
0 0.73046875 0.552734375 0.052734375 0.0703125
0 0.375 0.4453125 0.083984375 0.08203125
0 0.759765625 0.390625 0.03515625 0.03515625
0 0.474609375 0.546875 0.04296875 0.048828125
0 0.060546875 0.185546875 0.0390625 0.01953125
0 0.3984375 0.5546875 0.044921875 0.0625
0 0.791015625 0.201171875 0.03515625 0.037109375
0 0.96484375 0.2265625 0.0234375 0.0234375
0 0.787109375 0.24609375 0.029296875 0.029296875
0 0.65234375 0.560546875 0.05078125 0.0625
0 0.359375 0.3046875 0.048828125 0.05078125
0 0.833984375 0.3359375 0.02734375 0.0234375
0 0.751953125 0.61328125 0.03515625 0.04296875
0 0.84765625 0.623046875 0.0390625 0.03125
0 0.556640625 0.564453125 0.044921875 0.07421875
0 0.267578125 0.6796875 0.03515625 0.041015625
0 0.025390625 0.451171875 0.044921875 0.046875
0 0.21484375 0.185546875 0.041015625 0.021484375
0 0.0234375 0.521484375 0.04296875 0.05078125
0 0.869140625 0.392578125 0.0234375 0.025390625
0 0.03515625 0.28515625 0.0234375 0.03125
0 0.94140625 0.248046875 0.025390625 0.02734375
0 0.931640625 0.28515625 0.033203125 0.02734375
0 0.353515625 0.20703125 0.0625 0.05859375
0 0.884765625 0.248046875 0.04296875 0.033203125
0 0.806640625 0.58203125 0.037109375 0.0390625
0 0.8125 0.36328125 0.033203125 0.033203125
0 0.9609375 0.79296875 0.02734375 0.029296875
0 0.951171875 0.30078125 0.029296875 0.03125
0 0.896484375 0.228515625 0.02734375 0.0234375
0 0.068359375 0.27734375 0.04296875 0.05078125
0 0.93359375 0.419921875 0.05859375 0.05078125
0 0.775390625 0.3046875 0.037109375 0.0390625
0 0.328125 0.361328125 0.068359375 0.052734375
0 0.36328125 0.7734375 0.025390625 0.029296875
0 0.166015625 0.564453125 0.044921875 0.04296875
0 0.962890625 0.5390625 0.041015625 0.033203125
0 0.505859375 0.669921875 0.0546875 0.052734375
0 0.80859375 0.5078125 0.052734375 0.06640625
0 0.607421875 0.341796875 0.0546875 0.04296875
0 0.220703125 0.287109375 0.064453125 0.04296875
0 0.177734375 0.390625 0.05859375 0.048828125
0 0.408203125 0.794921875 0.046875 0.05078125
0 0.576171875 0.6484375 0.05859375 0.0546875
0 0.265625 0.431640625 0.06640625 0.05078125
0 0.611328125 0.443359375 0.06640625 0.03125