0 0.5234375 0.546875 0.04296875 0.080078125
0 0.51171875 0.681640625 0.06640625 0.09375
0 0.4794921875 0.7978515625 0.109375 0.123046875
0 0.408203125 0.931640625 0.076171875 0.095703125
0 0.4287109375 0.5771484375 0.0390625 0.078125
0 0.5419921875 0.955078125 0.05859375 0.072265625
0 0.3125 0.84375 0.05859375 0.076171875
0 0.1943359375 0.611328125 0.029296875 0.04296875
0 0.6953125 0.291015625 0.12890625 0.21484375
0 0.294921875 0.6689453125 0.048828125 0.130859375
0 0.458984375 0.51953125 0.037109375 0.0625
0 0.6201171875 0.5087890625 0.095703125 0.123046875
0 0.2255859375 0.6787109375 0.052734375 0.07421875