0 0.08984375 0.701171875 0.041015625 0.05859375
0 0.794921875 0.771484375 0.0703125 0.083984375
0 0.212890625 0.515625 0.03515625 0.03515625
0 0.23828125 0.400390625 0.04296875 0.05078125
0 0.44140625 0.34375 0.06640625 0.060546875
0 0.298828125 0.576171875 0.0859375 0.0703125
0 0.083984375 0.6328125 0.037109375 0.052734375
0 0.158203125 0.38671875 0.0546875 0.046875
0 0.67578125 0.537109375 0.0703125 0.080078125
0 0.0703125 0.474609375 0.046875 0.0859375
0 0.025390625 0.568359375 0.03515625 0.044921875
0 0.19140625 0.271484375 0.068359375 0.07421875
0 0.5625 0.32421875 0.060546875 0.0625
0 0.943359375 0.732421875 0.080078125 0.099609375
0 0.212890625 0.625 0.046875 0.060546875
0 0.3359375 0.39453125 0.05078125 0.10546875