0 0.474609375 0.404296875 0.041015625 0.037109375
0 0.560546875 0.34765625 0.0390625 0.0390625
0 0.53125 0.103515625 0.03515625 0.046875
0 0.61328125 0.0546875 0.03515625 0.0390625
0 0.45703125 0.7890625 0.044921875 0.037109375
0 0.60546875 0.642578125 0.041015625 0.046875
0 0.40234375 0.5546875 0.048828125 0.04296875
0 0.419921875 0.6015625 0.025390625 0.029296875
0 0.521484375 0.650390625 0.037109375 0.060546875
0 0.458984375 0.583984375 0.0390625 0.041015625
0 0.408203125 0.73828125 0.037109375 0.0390625
0 0.3515625 0.423828125 0.046875 0.037109375
0 0.24609375 0.30078125 0.033203125 0.041015625
0 0.431640625 0.296875 0.044921875 0.044921875
0 0.607421875 0.810546875 0.041015625 0.0390625
0 0.68359375 0.890625 0.03515625 0.033203125
0 0.767578125 0.787109375 0.033203125 0.048828125
0 0.7734375 0.89453125 0.0390625 0.041015625