0 0.1220703125 0.755859375 0.048828125 0.064453125
0 0.830078125 0.7275390625 0.08203125 0.09375
0 0.2177734375 0.5556640625 0.0390625 0.0390625
0 0.2265625 0.4375 0.048828125 0.056640625
0 0.419921875 0.353515625 0.07421875 0.068359375
0 0.3115234375 0.603515625 0.095703125 0.08203125
0 0.1064453125 0.689453125 0.044921875 0.056640625
0 0.1455078125 0.435546875 0.060546875 0.0546875
0 0.6796875 0.5126953125 0.080078125 0.08984375
0 0.0712890625 0.5341796875 0.05859375 0.091796875
0 0.0390625 0.6337890625 0.041015625 0.048828125
0 0.1630859375 0.31640625 0.078125 0.083984375
0 0.537109375 0.3173828125 0.068359375 0.0703125
0 0.9619140625 0.66796875 0.076171875 0.109375
0 0.2333984375 0.6640625 0.0546875 0.06640625
0 0.3232421875 0.41796875 0.064453125 0.111328125