0 0.76171875 0.244140625 0.048828125 0.044921875
0 0.1640625 0.32421875 0.033203125 0.0234375
0 0.4921875 0.705078125 0.06640625 0.046875
0 0.439453125 0.595703125 0.0546875 0.060546875
0 0.40234375 0.703125 0.048828125 0.064453125
0 0.591796875 0.599609375 0.04296875 0.03125
0 0.626953125 0.66796875 0.064453125 0.04296875
0 0.63671875 0.7265625 0.0390625 0.046875
0 0.75 0.6171875 0.0390625 0.033203125
0 0.505859375 0.2265625 0.05859375 0.056640625
0 0.220703125 0.419921875 0.05078125 0.04296875
0 0.26171875 0.30078125 0.03125 0.033203125
0 0.2578125 0.25390625 0.021484375 0.013671875
0 0.498046875 0.580078125 0.04296875 0.02734375
0 0.55078125 0.673828125 0.015625 0.01953125
0 0.365234375 0.64453125 0.025390625 0.021484375
0 0.326171875 0.681640625 0.025390625 0.017578125
0 0.56640625 0.728515625 0.01953125 0.025390625
0 0.52734375 0.7578125 0.033203125 0.025390625
0 0.7578125 0.4921875 0.0390625 0.029296875
0 0.734375 0.546875 0.033203125 0.021484375
0 0.814453125 0.4453125 0.017578125 0.017578125
0 0.6640625 0.18359375 0.041015625 0.0234375
0 0.716796875 0.21875 0.025390625 0.029296875
0 0.2734375 0.625 0.021484375 0.01953125
0 0.359375 0.609375 0.04296875 0.025390625
0 0.412109375 0.654296875 0.046875 0.025390625
0 0.4921875 0.65234375 0.037109375 0.029296875
0 0.728515625 0.685546875 0.017578125 0.0234375
0 0.70703125 0.724609375 0.021484375 0.03125