0 0.517578125 0.599609375 0.03515625 0.052734375
0 0.537109375 0.71875 0.02734375 0.048828125
0 0.5859375 0.69921875 0.0390625 0.03515625
0 0.375 0.611328125 0.080078125 0.068359375
0 0.478515625 0.544921875 0.109375 0.03125
0 0.388671875 0.3984375 0.033203125 0.033203125
0 0.3203125 0.373046875 0.029296875 0.037109375
0 0.640625 0.306640625 0.025390625 0.037109375
0 0.677734375 0.392578125 0.025390625 0.01953125
0 0.71875 0.4140625 0.029296875 0.0234375
0 0.755859375 0.486328125 0.01171875 0.009765625
0 0.591796875 0.447265625 0.0546875 0.025390625
0 0.517578125 0.44921875 0.033203125 0.041015625
0 0.771484375 0.34375 0.0234375 0.03515625
0 0.791015625 0.470703125 0.017578125 0.02734375
0 0.642578125 0.5625 0.0234375 0.0390625
0 0.64453125 0.634765625 0.021484375 0.021484375
0 0.57421875 0.603515625 0.01171875 0.00390625
0 0.60546875 0.642578125 0.0234375 0.041015625
0 0.494140625 0.66796875 0.025390625 0.0625
0 0.45703125 0.58984375 0.041015625 0.033203125
0 0.466796875 0.48046875 0.02734375 0.046875
0 0.521484375 0.3828125 0.029296875 0.041015625
0 0.572265625 0.37109375 0.013671875 0.033203125
0 0.5625 0.31640625 0.017578125 0.017578125
0 0.421875 0.69921875 0.02734375 0.0234375
0 0.4921875 0.71875 0.03515625 0.03125