0 0.181640625 0.26953125 0.05078125 0.064453125
0 0.24609375 0.48046875 0.037109375 0.04296875
0 0.767578125 0.5703125 0.03515625 0.041015625
0 0.13671875 0.595703125 0.037109375 0.041015625
0 0.30859375 0.205078125 0.037109375 0.048828125
0 0.0234375 0.34765625 0.04296875 0.0546875
0 0.515625 0.587890625 0.037109375 0.052734375
0 0.638671875 0.677734375 0.052734375 0.080078125
0 0.580078125 0.666015625 0.04296875 0.0625
0 0.875 0.216796875 0.046875 0.05859375
0 0.46484375 0.654296875 0.041015625 0.048828125
0 0.564453125 0.353515625 0.03515625 0.037109375
0 0.728515625 0.77734375 0.03125 0.037109375
0 0.65625 0.4921875 0.046875 0.048828125
0 0.55078125 0.171875 0.056640625 0.01171875
0 0.615234375 0.796875 0.060546875 0.03515625
0 0.541015625 0.763671875 0.037109375 0.04296875
0 0.5546875 0.443359375 0.06640625 0.05859375