0 0.7294921875 0.5419921875 0.056640625 0.072265625
0 0.4794921875 0.560546875 0.0390625 0.04296875
0 0.5087890625 0.5107421875 0.05078125 0.044921875
0 0.3701171875 0.3935546875 0.033203125 0.029296875
0 0.29296875 0.2685546875 0.03125 0.033203125
0 0.453125 0.4638671875 0.029296875 0.021484375
0 0.6640625 0.24609375 0.060546875 0.06640625
0 0.8759765625 0.51171875 0.0703125 0.076171875
0 0.8623046875 0.3046875 0.0390625 0.0390625
0 0.5458984375 0.712890625 0.0703125 0.08984375
0 0.31640625 0.6572265625 0.056640625 0.083984375
0 0.251953125 0.638671875 0.0625 0.068359375
0 0.2197265625 0.7197265625 0.048828125 0.064453125
0 0.125 0.61328125 0.087890625 0.107421875
0 0.0869140625 0.7294921875 0.0625 0.078125
0 0.01953125 0.580078125 0.0390625 0.05078125
0 0.0244140625 0.748046875 0.046875 0.068359375
0 0.603515625 0.5263671875 0.08203125 0.107421875
0 0.865234375 0.73828125 0.052734375 0.037109375
0 0.8955078125 0.787109375 0.0390625 0.037109375
0 0.8310546875 0.671875 0.056640625 0.060546875
0 0.783203125 0.6103515625 0.017578125 0.025390625
0 0.892578125 0.4453125 0.1015625 0.044921875