0 0.75390625 0.57421875 0.046875 0.048828125
0 0.8046875 0.533203125 0.05078125 0.033203125
0 0.79296875 0.48828125 0.03515625 0.03125
0 0.873046875 0.49609375 0.015625 0.02734375
0 0.921875 0.591796875 0.025390625 0.01953125
0 0.873046875 0.736328125 0.0234375 0.02734375
0 0.75390625 0.787109375 0.029296875 0.029296875
0 0.701171875 0.716796875 0.017578125 0.01953125
0 0.736328125 0.65625 0.01953125 0.017578125
0 0.69921875 0.599609375 0.02734375 0.01953125
0 0.26953125 0.607421875 0.048828125 0.068359375
0 0.15234375 0.58984375 0.046875 0.056640625
0 0.072265625 0.623046875 0.0546875 0.03515625
0 0.017578125 0.638671875 0.033203125 0.060546875
0 0.01953125 0.724609375 0.037109375 0.0390625
0 0.076171875 0.798828125 0.06640625 0.060546875
0 0.224609375 0.693359375 0.021484375 0.02734375
0 0.31640625 0.76953125 0.0234375 0.029296875
0 0.4296875 0.638671875 0.029296875 0.03125
0 0.564453125 0.611328125 0.04296875 0.041015625
0 0.51171875 0.560546875 0.025390625 0.037109375
0 0.615234375 0.53515625 0.025390625 0.03515625
0 0.298828125 0.40234375 0.029296875 0.01953125
0 0.357421875 0.41796875 0.02734375 0.037109375
0 0.3671875 0.359375 0.017578125 0.013671875
0 0.4765625 0.37890625 0.0234375 0.02734375
0 0.544921875 0.41015625 0.025390625 0.025390625
0 0.462890625 0.408203125 0.01171875 0.01171875
0 0.513671875 0.47265625 0.025390625 0.029296875
0 0.595703125 0.763671875 0.013671875 0.02734375
0 0.568359375 0.654296875 0.017578125 0.0234375
0 0.173828125 0.20703125 0.0234375 0.015625
0 0.2109375 0.23828125 0.029296875 0.03125
0 0.11328125 0.18359375 0.013671875 0.021484375
0 0.04296875 0.224609375 0.005859375 0.01171875
0 0.080078125 0.271484375 0.03125 0.01953125
0 0.146484375 0.37890625 0.02734375 0.01171875
0 0.318359375 0.19140625 0.017578125 0.0234375
0 0.833984375 0.59375 0.021484375 0.021484375
0 0.888671875 0.58984375 0.021484375 0.021484375
0 0.7734375 0.689453125 0.017578125 0.025390625
0 0.8359375 0.8046875 0.013671875 0.009765625
0 0.8515625 0.763671875 0.013671875 0.021484375
0 0.3671875 0.740234375 0.025390625 0.01953125
0 0.318359375 0.673828125 0.0234375 0.025390625
0 0.33984375 0.580078125 0.029296875 0.0234375
0 0.224609375 0.4765625 0.01953125 0.015625
0 0.08984375 0.50390625 0.041015625 0.01953125
0 0.65234375 0.66015625 0.0234375 0.0390625
0 0.439453125 0.5703125 0.017578125 0.029296875
0 0.498046875 0.6015625 0.021484375 0.017578125
0 0.2890625 0.375 0.025390625 0.017578125
0 0.099609375 0.419921875 0.03515625 0.037109375
0 0.404296875 0.30859375 0.0234375 0.013671875
0 0.19140625 0.265625 0.021484375 0.029296875
0 0.111328125 0.23828125 0.05078125 0.02734375
0 0.208984375 0.203125 0.015625 0.017578125
0 0.2421875 0.185546875 0.021484375 0.021484375
0 0.408203125 0.353515625 0.0234375 0.017578125
0 0.470703125 0.296875 0.025390625 0.02734375
0 0.5078125 0.3515625 0.04296875 0.01953125
0 0.150390625 0.66796875 0.0390625 0.029296875
0 0.1953125 0.62890625 0.029296875 0.01953125
0 0.27734375 0.744140625 0.037109375 0.03125
0 0.54296875 0.6796875 0.029296875 0.033203125