0 0.71875 0.470703125 0.078125 0.076171875
0 0.62109375 0.603515625 0.0859375 0.044921875
0 0.66015625 0.65625 0.037109375 0.041015625
0 0.796875 0.654296875 0.04296875 0.04296875
0 0.853515625 0.638671875 0.05078125 0.052734375
0 0.880859375 0.751953125 0.078125 0.0703125
0 0.951171875 0.599609375 0.056640625 0.0546875
0 0.90234375 0.234375 0.0703125 0.05859375
0 0.5625 0.412109375 0.056640625 0.07421875
0 0.423828125 0.451171875 0.0625 0.05859375
0 0.33984375 0.484375 0.06640625 0.056640625
0 0.28125 0.560546875 0.05078125 0.0546875
0 0.3828125 0.609375 0.0546875 0.06640625
0 0.296875 0.693359375 0.05078125 0.0546875
0 0.375 0.798828125 0.05078125 0.048828125
0 0.4375 0.796875 0.037109375 0.052734375
0 0.22265625 0.71484375 0.01953125 0.02734375
0 0.162109375 0.57421875 0.03515625 0.037109375
0 0.103515625 0.7734375 0.060546875 0.052734375
0 0.072265625 0.44921875 0.0703125 0.04296875
0 0.298828125 0.39453125 0.05859375 0.044921875
0 0.509765625 0.474609375 0.052734375 0.0390625
0 0.5078125 0.59765625 0.041015625 0.041015625
0 0.78125 0.537109375 0.03515625 0.060546875
0 0.841796875 0.568359375 0.0390625 0.02734375
0 0.939453125 0.41015625 0.046875 0.03125
0 0.611328125 0.29296875 0.0234375 0.03125
0 0.5234375 0.33203125 0.0234375 0.02734375
0 0.525390625 0.275390625 0.03515625 0.025390625
0 0.3203125 0.294921875 0.046875 0.02734375
0 0.267578125 0.337890625 0.037109375 0.037109375
0 0.205078125 0.224609375 0.037109375 0.048828125
0 0.7890625 0.23828125 0.056640625 0.052734375
0 0.8671875 0.314453125 0.046875 0.048828125
0 0.775390625 0.380859375 0.0546875 0.056640625
0 0.814453125 0.4453125 0.04296875 0.037109375
0 0.904296875 0.48046875 0.05078125 0.0546875