0 0.330078125 0.392578125 0.087890625 0.08984375
0 0.3271484375 0.630859375 0.080078125 0.076171875
0 0.232421875 0.6708984375 0.052734375 0.05078125
0 0.345703125 0.7080078125 0.0546875 0.04296875
0 0.2294921875 0.751953125 0.046875 0.048828125
0 0.958984375 0.7314453125 0.064453125 0.064453125
0 0.7060546875 0.3076171875 0.044921875 0.04296875
0 0.5234375 0.3408203125 0.033203125 0.0390625
0 0.419921875 0.4541015625 0.04296875 0.068359375
0 0.3056640625 0.4775390625 0.04296875 0.03515625
0 0.267578125 0.55078125 0.041015625 0.03125
0 0.4580078125 0.6279296875 0.0546875 0.064453125
0 0.7490234375 0.4873046875 0.05078125 0.0625
0 0.75 0.2373046875 0.03515625 0.04296875
0 0.2099609375 0.296875 0.04296875 0.05078125
0 0.5390625 0.78515625 0.04296875 0.052734375
0 0.9912109375 0.3330078125 0.017578125 0.037109375
0 0.4990234375 0.572265625 0.029296875 0.029296875
0 0.4921875 0.5 0.025390625 0.029296875