0 0.673828125 0.3984375 0.083984375 0.087890625
0 0.66796875 0.63671875 0.078125 0.07421875
0 0.76171875 0.6796875 0.05078125 0.048828125
0 0.646484375 0.712890625 0.052734375 0.041015625
0 0.76171875 0.76171875 0.044921875 0.046875
0 0.033203125 0.71484375 0.0625 0.0625
0 0.30078125 0.30078125 0.04296875 0.041015625
0 0.482421875 0.33984375 0.03125 0.037109375
0 0.58203125 0.45703125 0.041015625 0.06640625
0 0.6953125 0.484375 0.041015625 0.033203125
0 0.73046875 0.55859375 0.0390625 0.029296875
0 0.537109375 0.62890625 0.052734375 0.0625
0 0.251953125 0.478515625 0.048828125 0.060546875
0 0.259765625 0.228515625 0.033203125 0.041015625
0 0.796875 0.306640625 0.041015625 0.048828125
0 0.451171875 0.783203125 0.041015625 0.05078125
0 0.01171875 0.31640625 0.021484375 0.037109375
0 0.498046875 0.572265625 0.02734375 0.029296875
0 0.5078125 0.5 0.0234375 0.029296875