0 0.3466796875 0.296875 0.037109375 0.037109375
0 0.46484375 0.275390625 0.037109375 0.04296875
0 0.3857421875 0.2080078125 0.037109375 0.05078125
0 0.4482421875 0.2099609375 0.033203125 0.0390625
0 0.3486328125 0.3779296875 0.029296875 0.037109375
0 0.4228515625 0.4091796875 0.037109375 0.02734375
0 0.5693359375 0.4521484375 0.04296875 0.03125
0 0.7939453125 0.5888671875 0.111328125 0.1171875
0 0.681640625 0.685546875 0.14453125 0.115234375
0 0.9580078125 0.7265625 0.04296875 0.056640625
0 0.5185546875 0.7861328125 0.06640625 0.0625
0 0.74609375 0.7724609375 0.044921875 0.041015625
0 0.8798828125 0.337890625 0.146484375 0.275390625
0 0.7138671875 0.31640625 0.091796875 0.087890625
0 0.626953125 0.3818359375 0.03515625 0.044921875
0 0.9287109375 0.560546875 0.04296875 0.0390625
0 0.875 0.732421875 0.095703125 0.12890625
0 0.283203125 0.58984375 0.0703125 0.072265625
0 0.412109375 0.8076171875 0.060546875 0.03515625