0 0.484375 0.5888671875 0.10546875 0.12890625
0 0.330078125 0.564453125 0.048828125 0.05078125
0 0.16796875 0.4013671875 0.083984375 0.078125
0 0.3173828125 0.4638671875 0.052734375 0.06640625
0 0.0830078125 0.8427734375 0.056640625 0.033203125
0 0.41015625 0.421875 0.1015625 0.1171875
0 0.498046875 0.46875 0.06640625 0.0859375
0 0.17578125 0.5673828125 0.041015625 0.087890625
0 0.1083984375 0.5625 0.05078125 0.095703125
0 0.0498046875 0.552734375 0.033203125 0.037109375
0 0.6298828125 0.3984375 0.125 0.12109375