0 0.0849609375 0.1240234375 0.068359375 0.05078125
0 0.251953125 0.15625 0.060546875 0.060546875
0 0.54296875 0.73828125 0.12890625 0.171875
0 0.6787109375 0.62109375 0.16796875 0.19921875
0 0.8330078125 0.248046875 0.158203125 0.076171875
0 0.572265625 0.4287109375 0.05859375 0.078125
0 0.568359375 0.568359375 0.091796875 0.08984375
0 0.1396484375 0.1640625 0.056640625 0.068359375
0 0.880859375 0.705078125 0.12109375 0.154296875
0 0.3759765625 0.162109375 0.080078125 0.037109375
0 0.216796875 0.3525390625 0.115234375 0.150390625
0 0.3310546875 0.705078125 0.216796875 0.150390625
0 0.05859375 0.734375 0.1171875 0.06640625
0 0.1826171875 0.591796875 0.060546875 0.060546875
0 0.986328125 0.3046875 0.02734375 0.12109375
0 0.513671875 0.2607421875 0.125 0.158203125
0 0.4580078125 0.7919921875 0.02734375 0.02734375
0 0.904296875 0.421875 0.1015625 0.1015625
0 0.0703125 0.470703125 0.140625 0.28515625
0 0.4072265625 0.421875 0.212890625 0.140625
0 0.0791015625 0.6630859375 0.087890625 0.103515625
0 0.87109375 0.53125 0.146484375 0.115234375
0 0.7421875 0.3837890625 0.142578125 0.208984375
0 0.68359375 0.8134765625 0.138671875 0.109375