0 0.3525390625 0.404296875 0.064453125 0.11328125
0 0.248046875 0.708984375 0.04296875 0.09375
0 0.4765625 0.669921875 0.0625 0.10546875
0 0.1875 0.6201171875 0.0234375 0.099609375
0 0.24609375 0.953125 0.09375 0.09375
0 0.623046875 0.2099609375 0.330078125 0.28125
0 0.3330078125 0.603515625 0.173828125 0.162109375
0 0.6025390625 0.6787109375 0.134765625 0.162109375
0 0.36328125 0.783203125 0.12890625 0.181640625
0 0.7421875 0.5693359375 0.1484375 0.138671875
0 0.3994140625 0.2412109375 0.12109375 0.166015625