0 0.66796875 0.6572265625 0.09765625 0.1875
0 0.3212890625 0.5791015625 0.0625 0.140625
0 0.447265625 0.51953125 0.08203125 0.2421875
0 0.6162109375 0.3095703125 0.162109375 0.107421875
0 0.611328125 0.220703125 0.19921875 0.095703125
0 0.4560546875 0.2109375 0.087890625 0.09375
0 0.560546875 0.802734375 0.125 0.109375
0 0.416015625 0.8134765625 0.146484375 0.1015625
0 0.3896484375 0.6904296875 0.14453125 0.10546875
0 0.5478515625 0.5498046875 0.05859375 0.08203125
0 0.38671875 0.529296875 0.03515625 0.064453125
0 0.35546875 0.2861328125 0.06640625 0.076171875