0 0.66796875 0.568359375 0.064453125 0.0859375
0 0.466796875 0.58984375 0.072265625 0.140625
0 0.373046875 0.458984375 0.068359375 0.064453125
0 0.42578125 0.771484375 0.07421875 0.06640625
0 0.900390625 0.181640625 0.05859375 0.021484375
0 0.7734375 0.359375 0.123046875 0.115234375
0 0.802734375 0.189453125 0.03515625 0.033203125
0 0.607421875 0.44921875 0.060546875 0.080078125
0 0.375 0.7109375 0.046875 0.046875
0 0.962890625 0.271484375 0.068359375 0.0703125
0 0.64453125 0.361328125 0.037109375 0.033203125
0 0.38671875 0.572265625 0.072265625 0.08984375
0 0.513671875 0.42578125 0.10546875 0.095703125