0 0.248046875 0.28125 0.03515625 0.03515625
0 0.734375 0.30078125 0.033203125 0.04296875
0 0.671875 0.37890625 0.021484375 0.037109375
0 0.71875 0.544921875 0.060546875 0.080078125
0 0.234375 0.361328125 0.05078125 0.048828125
0 0.46875 0.751953125 0.150390625 0.134765625
0 0.408203125 0.529296875 0.044921875 0.052734375
0 0.80078125 0.263671875 0.01953125 0.01953125
0 0.740234375 0.458984375 0.03515625 0.04296875
0 0.8125 0.37109375 0.044921875 0.076171875
0 0.55859375 0.634765625 0.05859375 0.046875
0 0.138671875 0.357421875 0.0234375 0.029296875
0 0.81640625 0.27734375 0.02734375 0.037109375
0 0.68359375 0.197265625 0.158203125 0.05078125
0 0.314453125 0.65234375 0.076171875 0.0625
0 0.32421875 0.7578125 0.03515625 0.03515625
0 0.37109375 0.3515625 0.1015625 0.140625
0 0.3359375 0.498046875 0.140625 0.115234375
0 0.646484375 0.4609375 0.080078125 0.109375
0 0.60546875 0.3203125 0.060546875 0.080078125
0 0.66796875 0.69140625 0.078125 0.125
0 0.2109375 0.57421875 0.1171875 0.076171875