0 0.283203125 0.205078125 0.154296875 0.078125
0 0.67578125 0.203125 0.0859375 0.072265625
0 0.306640625 0.626953125 0.05859375 0.07421875
0 0.333984375 0.455078125 0.15625 0.0859375
0 0.76953125 0.181640625 0.056640625 0.03125
0 0.05078125 0.45703125 0.083984375 0.12109375
0 0.0625 0.34765625 0.07421875 0.1015625
0 0.615234375 0.392578125 0.107421875 0.134765625
0 0.423828125 0.298828125 0.08203125 0.09765625
0 0.337890625 0.375 0.0703125 0.09375
0 0.40234375 0.5703125 0.09375 0.099609375
0 0.56640625 0.55078125 0.21484375 0.16796875
0 0.802734375 0.740234375 0.064453125 0.080078125
0 0.142578125 0.69921875 0.044921875 0.0625
0 0.03515625 0.6640625 0.052734375 0.068359375
0 0.16796875 0.556640625 0.0703125 0.087890625