0 0.662109375 0.40625 0.041015625 0.052734375
0 0.55078125 0.3515625 0.0390625 0.048828125
0 0.509765625 0.572265625 0.04296875 0.083984375
0 0.60546875 0.638671875 0.037109375 0.0703125
0 0.306640625 0.80078125 0.021484375 0.0625
0 0.462890625 0.796875 0.03515625 0.03515625
0 0.423828125 0.6796875 0.0390625 0.056640625
0 0.42578125 0.30078125 0.0234375 0.029296875
0 0.693359375 0.333984375 0.03515625 0.044921875
0 0.67578125 0.59375 0.0390625 0.078125
0 0.533203125 0.44921875 0.041015625 0.076171875
0 0.42578125 0.232421875 0.09765625 0.0703125
0 0.5234375 0.244140625 0.060546875 0.0703125
0 0.59765625 0.265625 0.041015625 0.1015625
0 0.669921875 0.267578125 0.0625 0.076171875
0 0.48046875 0.365234375 0.087890625 0.0703125
0 0.5078125 0.693359375 0.07421875 0.09765625
0 0.443359375 0.595703125 0.060546875 0.08203125
0 0.51171875 0.775390625 0.0546875 0.060546875
0 0.373046875 0.751953125 0.0859375 0.08203125
0 0.61328125 0.353515625 0.046875 0.0703125