0 0.263671875 0.62109375 0.041015625 0.068359375
0 0.5498046875 0.9736328125 0.03125 0.046875
0 0.3056640625 0.4638671875 0.041015625 0.080078125
0 0.50390625 0.3134765625 0.0859375 0.123046875
0 0.4423828125 0.7216796875 0.05078125 0.076171875
0 0.4501953125 0.8486328125 0.044921875 0.052734375
0 0.3984375 0.3046875 0.06640625 0.095703125
0 0.4892578125 0.6796875 0.025390625 0.037109375
0 0.279296875 0.7138671875 0.033203125 0.0390625
0 0.603515625 0.71484375 0.04296875 0.05859375
0 0.3623046875 0.669921875 0.025390625 0.048828125
0 0.3203125 0.1533203125 0.0625 0.08984375
0 0.60546875 0.1806640625 0.0390625 0.04296875
0 0.3671875 0.75 0.041015625 0.048828125
0 0.3994140625 0.8662109375 0.0390625 0.0703125
0 0.4248046875 0.5869140625 0.046875 0.109375
0 0.337890625 0.3603515625 0.076171875 0.15234375
0 0.513671875 0.5556640625 0.05859375 0.08203125
0 0.4482421875 0.908203125 0.05859375 0.0703125
0 0.4580078125 0.5849609375 0.0546875 0.119140625
0 0.755859375 0.962890625 0.046875 0.029296875
0 0.3056640625 0.76171875 0.033203125 0.05078125
0 0.3251953125 0.720703125 0.02734375 0.0390625
0 0.38671875 0.13671875 0.09375 0.158203125
0 0.51171875 0.1591796875 0.140625 0.171875
0 0.73828125 0.5224609375 0.1171875 0.13671875
0 0.5927734375 0.2763671875 0.068359375 0.0703125
0 0.6884765625 0.6845703125 0.08203125 0.076171875