0 0.7265625 0.162109375 0.078125 0.103515625
0 0.564453125 0.431640625 0.08203125 0.087890625
0 0.71484375 0.263671875 0.119140625 0.083984375
0 0.69140625 0.564453125 0.138671875 0.099609375
0 0.478515625 0.640625 0.09765625 0.1171875
0 0.46484375 0.802734375 0.08984375 0.1328125
0 0.556640625 0.345703125 0.08203125 0.06640625
0 0.58203125 0.0859375 0.05859375 0.078125
0 0.234375 0.708984375 0.080078125 0.080078125
0 0.357421875 0.70703125 0.107421875 0.1015625
0 0.599609375 0.744140625 0.046875 0.0625