0 0.869140625 0.263671875 0.02734375 0.03125
0 0.546875 0.6953125 0.11328125 0.14453125
0 0.787109375 0.41796875 0.033203125 0.02734375
0 0.853515625 0.365234375 0.025390625 0.029296875
0 0.7890625 0.265625 0.037109375 0.05078125
0 0.90234375 0.212890625 0.0390625 0.041015625
0 0.08984375 0.181640625 0.044921875 0.01953125
0 0.826171875 0.212890625 0.03125 0.03125
0 0.54296875 0.18359375 0.046875 0.021484375
0 0.18359375 0.359375 0.123046875 0.173828125
0 0.802734375 0.177734375 0.03515625 0.01171875
0 0.421875 0.466796875 0.052734375 0.048828125
0 0.783203125 0.19140625 0.03125 0.03125
0 0.701171875 0.19140625 0.087890625 0.0390625
0 0.673828125 0.658203125 0.09765625 0.095703125
0 0.486328125 0.404296875 0.09375 0.0859375
0 0.654296875 0.361328125 0.205078125 0.25