0 0.2373046875 0.7001953125 0.0546875 0.060546875
0 0.6162109375 0.478515625 0.05859375 0.06640625
0 0.8046875 0.2158203125 0.052734375 0.04296875
0 0.1220703125 0.1337890625 0.04296875 0.0234375
0 0.693359375 0.2255859375 0.134765625 0.095703125
0 0.5048828125 0.1962890625 0.0625 0.068359375
0 0.28125 0.1572265625 0.072265625 0.0390625
0 0.947265625 0.83984375 0.044921875 0.08203125
0 0.39453125 0.3671875 0.05078125 0.07421875
0 0.9580078125 0.72265625 0.046875 0.072265625
0 0.0810546875 0.1318359375 0.037109375 0.02734375
0 0.3955078125 0.27734375 0.109375 0.072265625
0 0.47265625 0.353515625 0.10546875 0.173828125
0 0.58984375 0.1875 0.076171875 0.037109375
0 0.8759765625 0.431640625 0.08984375 0.09375
0 0.740234375 0.197265625 0.04296875 0.017578125
0 0.2236328125 0.3291015625 0.033203125 0.05859375
0 0.18359375 0.3486328125 0.0234375 0.037109375
0 0.130859375 0.1982421875 0.056640625 0.046875
0 0.140625 0.4033203125 0.037109375 0.044921875
0 0.77734375 0.533203125 0.142578125 0.123046875
0 0.79296875 0.3857421875 0.0859375 0.1171875
0 0.7041015625 0.3681640625 0.08203125 0.0859375
0 0.8251953125 0.7109375 0.10546875 0.134765625
0 0.677734375 0.65625 0.158203125 0.140625
0 0.509765625 0.5791015625 0.181640625 0.146484375
0 0.5419921875 0.6953125 0.09375 0.08984375
0 0.31640625 0.505859375 0.173828125 0.2109375
0 0.7314453125 0.783203125 0.076171875 0.076171875