0 0.748046875 0.27734375 0.03515625 0.03515625
0 0.26171875 0.3046875 0.033203125 0.04296875
0 0.326171875 0.3818359375 0.021484375 0.037109375
0 0.2822265625 0.548828125 0.0625 0.08203125
0 0.7626953125 0.3564453125 0.05078125 0.048828125
0 0.53515625 0.7509765625 0.15234375 0.13671875
0 0.5927734375 0.52734375 0.044921875 0.052734375
0 0.1953125 0.2685546875 0.01953125 0.01953125
0 0.2587890625 0.462890625 0.03515625 0.04296875
0 0.185546875 0.376953125 0.046875 0.076171875
0 0.443359375 0.6357421875 0.05859375 0.048828125
0 0.8583984375 0.3515625 0.0234375 0.029296875
0 0.1796875 0.283203125 0.02734375 0.037109375
0 0.3115234375 0.2001953125 0.158203125 0.052734375
0 0.6884765625 0.6494140625 0.078125 0.064453125
0 0.6806640625 0.7548828125 0.03515625 0.03515625
0 0.6259765625 0.349609375 0.103515625 0.142578125
0 0.6640625 0.4951171875 0.142578125 0.1171875
0 0.3525390625 0.4638671875 0.08203125 0.111328125
0 0.3916015625 0.322265625 0.0625 0.08203125
0 0.3349609375 0.6943359375 0.080078125 0.126953125
0 0.7900390625 0.5693359375 0.119140625 0.078125