0 0.306640625 0.296875 0.03515625 0.06640625
0 0.1875 0.8203125 0.021484375 0.123046875
0 0.33203125 0.08984375 0.087890625 0.17578125
0 0.40625 0.65625 0.046875 0.109375
0 0.76953125 0.646484375 0.107421875 0.53515625
0 0.189453125 0.494140625 0.0234375 0.072265625
0 0.271484375 0.56640625 0.11328125 0.130859375
0 0.40234375 0.556640625 0.115234375 0.068359375
0 0.625 0.650390625 0.12109375 0.224609375
0 0.45703125 0.755859375 0.080078125 0.06640625
0 0.572265625 0.828125 0.076171875 0.07421875
0 0.314453125 0.80859375 0.140625 0.12890625