0 0.3203125 0.61328125 0.0546875 0.1171875
0 0.1845703125 0.4716796875 0.029296875 0.1171875
0 0.74609375 0.3955078125 0.033203125 0.1328125
0 0.6787109375 0.576171875 0.07421875 0.07421875
0 0.6240234375 0.3017578125 0.193359375 0.134765625
0 0.5185546875 0.2021484375 0.17578125 0.0703125
0 0.4072265625 0.3193359375 0.201171875 0.14453125
0 0.703125 0.6689453125 0.16015625 0.078125
0 0.3115234375 0.7666015625 0.099609375 0.1484375
0 0.6953125 0.7685546875 0.111328125 0.10546875
0 0.4609375 0.6162109375 0.1875 0.1171875