0 0.673828125 0.4296875 0.048828125 0.05859375
0 0.5712890625 0.3603515625 0.044921875 0.0546875
0 0.5 0.5732421875 0.0546875 0.08984375
0 0.5849609375 0.65234375 0.046875 0.07421875
0 0.2666015625 0.7705078125 0.029296875 0.064453125
0 0.421875 0.7890625 0.0390625 0.0390625
0 0.3994140625 0.6669921875 0.046875 0.0625
0 0.4541015625 0.2919921875 0.02734375 0.033203125
0 0.71484375 0.3623046875 0.041015625 0.048828125
0 0.6611328125 0.6171875 0.048828125 0.08203125
0 0.5400390625 0.4541015625 0.05078125 0.08203125
0 0.4638671875 0.224609375 0.107421875 0.083984375
0 0.55859375 0.25 0.0703125 0.078125
0 0.62890625 0.28125 0.0546875 0.10546875
0 0.7001953125 0.2939453125 0.072265625 0.083984375
0 0.4990234375 0.3642578125 0.09765625 0.08203125
0 0.48046875 0.6923828125 0.087890625 0.107421875
0 0.4306640625 0.5869140625 0.072265625 0.08984375
0 0.4736328125 0.7744140625 0.0625 0.068359375
0 0.3388671875 0.7314453125 0.095703125 0.09375
0 0.6328125 0.37109375 0.056640625 0.076171875