0 0.26953125 0.671875 0.04296875 0.107421875
0 0.33984375 0.62890625 0.064453125 0.1015625
0 0.3212890625 0.19140625 0.05078125 0.08984375
0 0.25 0.2705078125 0.033203125 0.046875
0 0.291015625 0.2216796875 0.033203125 0.05078125
0 0.48828125 0.607421875 0.087890625 0.189453125
0 0.4189453125 0.2509765625 0.115234375 0.255859375
0 0.5673828125 0.2392578125 0.15625 0.2578125
0 0.7177734375 0.240234375 0.10546875 0.2734375
0 0.71875 0.658203125 0.193359375 0.1875
0 0.359375 0.7392578125 0.080078125 0.08203125
0 0.57421875 0.5966796875 0.068359375 0.150390625
0 0.306640625 0.3291015625 0.068359375 0.095703125