0 0.251953125 0.595703125 0.03515625 0.064453125
0 0.5 0.9765625 0.02734375 0.044921875
0 0.310546875 0.443359375 0.033203125 0.076171875
0 0.5234375 0.314453125 0.07421875 0.115234375
0 0.419921875 0.71484375 0.04296875 0.072265625
0 0.4140625 0.841796875 0.0390625 0.048828125
0 0.419921875 0.294921875 0.056640625 0.08984375
0 0.470703125 0.677734375 0.021484375 0.03515625
0 0.2578125 0.689453125 0.029296875 0.037109375
0 0.580078125 0.724609375 0.037109375 0.0546875
0 0.345703125 0.654296875 0.021484375 0.046875
0 0.357421875 0.13671875 0.0546875 0.083984375
0 0.638671875 0.193359375 0.03515625 0.0390625
0 0.341796875 0.734375 0.037109375 0.044921875
0 0.361328125 0.853515625 0.033203125 0.06640625
0 0.416015625 0.578125 0.03515625 0.10546875
0 0.353515625 0.34375 0.060546875 0.146484375
0 0.5078125 0.556640625 0.05078125 0.078125
0 0.40625 0.900390625 0.052734375 0.064453125
0 0.44921875 0.580078125 0.04296875 0.115234375
0 0.7060546875 0.9873046875 0.044921875 0.025390625
0 0.279296875 0.740234375 0.02734375 0.048828125
0 0.302734375 0.701171875 0.0234375 0.037109375
0 0.42578125 0.126953125 0.078125 0.150390625
0 0.546875 0.162109375 0.125 0.16015625
0 0.734375 0.546875 0.103515625 0.126953125
0 0.615234375 0.287109375 0.0625 0.064453125
0 0.66796875 0.703125 0.076171875 0.068359375