0 0.263671875 0.6640625 0.0390625 0.10546875
0 0.3359375 0.623046875 0.060546875 0.099609375
0 0.33203125 0.185546875 0.046875 0.087890625
0 0.2578125 0.26171875 0.03125 0.044921875
0 0.30078125 0.21484375 0.03125 0.048828125
0 0.484375 0.607421875 0.08203125 0.1875
0 0.427734375 0.248046875 0.107421875 0.251953125
0 0.576171875 0.2421875 0.1484375 0.251953125
0 0.7265625 0.248046875 0.095703125 0.26953125
0 0.712890625 0.666015625 0.1875 0.181640625
0 0.3515625 0.734375 0.078125 0.080078125
0 0.5703125 0.599609375 0.0625 0.1484375
0 0.3125 0.322265625 0.064453125 0.09375