0 0.689453125 0.2939453125 0.037109375 0.06640625
0 0.818359375 0.814453125 0.0234375 0.123046875
0 0.6611328125 0.087890625 0.091796875 0.17578125
0 0.5966796875 0.654296875 0.048828125 0.109375
0 0.2333984375 0.6513671875 0.1171875 0.537109375
0 0.810546875 0.48828125 0.025390625 0.072265625
0 0.7294921875 0.5625 0.115234375 0.1328125
0 0.5986328125 0.5546875 0.1171875 0.0703125
0 0.3779296875 0.65234375 0.125 0.2265625
0 0.5478515625 0.7548828125 0.08203125 0.068359375
0 0.43359375 0.8291015625 0.078125 0.076171875
0 0.6904296875 0.8056640625 0.142578125 0.130859375