0 0.341796875 0.642578125 0.03125 0.056640625
0 0.353515625 0.453125 0.03515625 0.0546875
0 0.615234375 0.4296875 0.056640625 0.091796875
0 0.171875 0.34375 0.013671875 0.056640625
0 0.439453125 0.626953125 0.021484375 0.0390625
0 0.283203125 0.568359375 0.021484375 0.03125
0 0.345703125 0.552734375 0.03515625 0.04296875
0 0.533203125 0.556640625 0.07421875 0.064453125
0 0.416015625 0.552734375 0.02734375 0.025390625
0 0.314453125 0.19140625 0.08984375 0.08203125
0 0.513671875 0.232421875 0.06640625 0.060546875