0 0.298828125 0.578125 0.064453125 0.076171875
0 0.25 0.18359375 0.068359375 0.03515625
0 0.369140625 0.193359375 0.056640625 0.0546875
0 0.080078125 0.359375 0.16015625 0.255859375
0 0.759765625 0.177734375 0.044921875 0.0234375
0 0.673828125 0.427734375 0.298828125 0.330078125
0 0.412109375 0.501953125 0.197265625 0.193359375
0 0.783203125 0.716796875 0.046875 0.060546875
0 0.427734375 0.267578125 0.064453125 0.08984375
0 0.337890625 0.349609375 0.052734375 0.08984375
0 0.39453125 0.35546875 0.03515625 0.037109375
0 0.201171875 0.25390625 0.068359375 0.1171875
0 0.041015625 0.603515625 0.0625 0.091796875
0 0.138671875 0.64453125 0.064453125 0.068359375
0 0.201171875 0.537109375 0.044921875 0.1015625
0 0.1484375 0.576171875 0.056640625 0.0546875
0 0.37890625 0.638671875 0.08203125 0.078125