0 0.04296875 0.384765625 0.0390625 0.05859375
0 0.1455078125 0.349609375 0.0390625 0.056640625
0 0.11328125 0.6142578125 0.072265625 0.11328125
0 0.4365234375 0.3408203125 0.138671875 0.126953125
0 0.44921875 0.5185546875 0.107421875 0.10546875
0 0.576171875 0.5087890625 0.119140625 0.16015625
0 0.888671875 0.7392578125 0.11328125 0.09375
0 0.85546875 0.37890625 0.08203125 0.09375
0 0.6982421875 0.349609375 0.08984375 0.08984375
0 0.896484375 0.2900390625 0.0859375 0.076171875
0 0.5517578125 0.2353515625 0.046875 0.060546875
0 0.2255859375 0.4189453125 0.044921875 0.072265625
0 0.296875 0.248046875 0.154296875 0.080078125
0 0.72265625 0.494140625 0.138671875 0.0859375
0 0.748046875 0.724609375 0.078125 0.05859375