0 0.908203125 0.3916015625 0.072265625 0.060546875
0 0.6064453125 0.689453125 0.056640625 0.072265625
0 0.671875 0.62109375 0.107421875 0.09765625
0 0.9365234375 0.3095703125 0.06640625 0.0703125
0 0.75390625 0.7314453125 0.087890625 0.09765625
0 0.3330078125 0.75390625 0.1171875 0.119140625
0 0.20703125 0.2724609375 0.052734375 0.056640625
0 0.51953125 0.7763671875 0.060546875 0.0703125
0 0.3486328125 0.6240234375 0.142578125 0.12890625
0 0.970703125 0.4638671875 0.056640625 0.0625
0 0.3173828125 0.3701171875 0.138671875 0.14453125
0 0.0283203125 0.7890625 0.056640625 0.04296875
0 0.515625 0.5009765625 0.078125 0.12890625
0 0.91015625 0.7333984375 0.134765625 0.146484375
0 0.140625 0.4287109375 0.05078125 0.048828125
0 0.642578125 0.4423828125 0.185546875 0.2109375
0 0.02734375 0.4287109375 0.0546875 0.123046875
0 0.1142578125 0.296875 0.064453125 0.048828125
0 0.03125 0.2021484375 0.046875 0.095703125
0 0.0283203125 0.2919921875 0.044921875 0.05078125
0 0.931640625 0.5048828125 0.052734375 0.044921875
0 0.2236328125 0.73828125 0.0546875 0.068359375
0 0.7431640625 0.3154296875 0.046875 0.048828125
0 0.0537109375 0.5234375 0.06640625 0.068359375
0 0.0234375 0.6103515625 0.046875 0.119140625
0 0.7353515625 0.263671875 0.068359375 0.041015625
0 0.85546875 0.6142578125 0.052734375 0.06640625
0 0.1279296875 0.1767578125 0.052734375 0.03515625
0 0.443359375 0.34375 0.171875 0.107421875