0 0.3349609375 0.6337890625 0.033203125 0.05859375
0 0.3564453125 0.4453125 0.037109375 0.056640625
0 0.619140625 0.435546875 0.060546875 0.09375
0 0.1806640625 0.3271484375 0.017578125 0.056640625
0 0.4326171875 0.6240234375 0.0234375 0.041015625
0 0.2802734375 0.556640625 0.0234375 0.033203125
0 0.3427734375 0.544921875 0.037109375 0.044921875
0 0.5302734375 0.55859375 0.078125 0.068359375
0 0.4130859375 0.5478515625 0.029296875 0.02734375
0 0.3310546875 0.181640625 0.09375 0.0859375
0 0.52734375 0.2333984375 0.0703125 0.064453125