0 0.29296875 0.560546875 0.0703125 0.08203125
0 0.2783203125 0.1630859375 0.0703125 0.041015625
0 0.396484375 0.18359375 0.060546875 0.05859375
0 0.09375 0.3232421875 0.181640625 0.26953125
0 0.787109375 0.201171875 0.046875 0.02734375
0 0.6796875 0.443359375 0.326171875 0.35546875
0 0.412109375 0.494140625 0.212890625 0.208984375
0 0.763671875 0.740234375 0.052734375 0.064453125
0 0.4482421875 0.26171875 0.072265625 0.095703125
0 0.3515625 0.3359375 0.060546875 0.09375
0 0.4072265625 0.3466796875 0.0390625 0.0390625
0 0.2236328125 0.228515625 0.078125 0.123046875
0 0.0341796875 0.5625 0.068359375 0.09765625
0 0.1279296875 0.6123046875 0.0703125 0.07421875
0 0.19921875 0.5107421875 0.052734375 0.10546875
0 0.1435546875 0.544921875 0.060546875 0.05859375
0 0.3671875 0.6279296875 0.087890625 0.0859375