0 0.353515625 0.69921875 0.037109375 0.029296875
0 0.830078125 0.58984375 0.041015625 0.0625
0 0.439453125 0.61328125 0.0703125 0.07421875
0 0.720703125 0.158203125 0.078125 0.103515625
0 0.529296875 0.380859375 0.048828125 0.044921875
0 0.306640625 0.59765625 0.095703125 0.0546875
0 0.37890625 0.3828125 0.142578125 0.06640625
0 0.52734375 0.615234375 0.14453125 0.0859375
0 0.740234375 0.603515625 0.056640625 0.041015625
0 0.65625 0.470703125 0.029296875 0.021484375
0 0.501953125 0.830078125 0.04296875 0.037109375
0 0.59375 0.884765625 0.025390625 0.025390625
0 0.884765625 0.833984375 0.04296875 0.03125
0 0.5 0.88671875 0.091796875 0.048828125
0 0.427734375 0.8515625 0.02734375 0.0390625
0 0.84375 0.669921875 0.0390625 0.04296875
0 0.501953125 0.740234375 0.0546875 0.05859375