0 0.2646484375 0.79296875 0.033203125 0.0546875
0 0.376953125 0.275390625 0.064453125 0.091796875
0 0.5712890625 0.4462890625 0.0390625 0.064453125
0 0.29296875 0.634765625 0.033203125 0.048828125
0 0.6513671875 0.7939453125 0.0234375 0.04296875
0 0.5927734375 0.572265625 0.044921875 0.078125
0 0.6923828125 0.4228515625 0.044921875 0.107421875
0 0.2607421875 0.8828125 0.044921875 0.07421875
0 0.2490234375 0.669921875 0.03515625 0.044921875
0 0.4892578125 0.341796875 0.087890625 0.087890625
0 0.5517578125 0.8017578125 0.09375 0.119140625
0 0.693359375 0.9365234375 0.1171875 0.126953125
0 0.7412109375 0.775390625 0.10546875 0.11328125
0 0.6201171875 0.677734375 0.1484375 0.10546875