0 0.740234375 0.7265625 0.048828125 0.056640625
0 0.38671875 0.466796875 0.052734375 0.060546875
0 0.2265625 0.185546875 0.048828125 0.037109375
0 0.9140625 0.17578125 0.041015625 0.01953125
0 0.3359375 0.20703125 0.126953125 0.08203125
0 0.52734375 0.197265625 0.056640625 0.0625
0 0.75390625 0.181640625 0.0703125 0.03125
0 0.01953125 0.791015625 0.037109375 0.078125
0 0.619140625 0.37890625 0.04296875 0.0703125
0 0.021484375 0.673828125 0.0390625 0.068359375
0 0.955078125 0.177734375 0.03515625 0.0234375
0 0.626953125 0.2890625 0.103515625 0.0625
0 0.54296875 0.357421875 0.087890625 0.166015625
0 0.443359375 0.1796875 0.07421875 0.029296875
0 0.1328125 0.392578125 0.08203125 0.0859375
0 0.29296875 0.173828125 0.041015625 0.013671875
0 0.79296875 0.359375 0.02734375 0.056640625
0 0.830078125 0.3828125 0.01953125 0.03515625
0 0.8984375 0.23828125 0.052734375 0.041015625
0 0.8671875 0.44140625 0.033203125 0.041015625
0 0.220703125 0.50390625 0.1328125 0.109375
0 0.220703125 0.35546875 0.07421875 0.109375
0 0.310546875 0.34765625 0.07421875 0.078125
0 0.154296875 0.67578125 0.09375 0.125
0 0.306640625 0.63671875 0.146484375 0.126953125
0 0.482421875 0.578125 0.169921875 0.12890625
0 0.4375 0.689453125 0.0859375 0.08203125
0 0.681640625 0.525390625 0.154296875 0.1953125
0 0.240234375 0.7578125 0.068359375 0.0703125