0 0.302734375 0.6142578125 0.087890625 0.083984375
0 0.337890625 0.33984375 0.0390625 0.046875
0 0.9052734375 0.71484375 0.09375 0.109375
0 0.60546875 0.705078125 0.078125 0.080078125
0 0.486328125 0.5615234375 0.091796875 0.095703125
0 0.8564453125 0.4931640625 0.060546875 0.09765625
0 0.2666015625 0.376953125 0.0390625 0.044921875
0 0.3017578125 0.4580078125 0.130859375 0.166015625
0 0.330078125 0.2265625 0.037109375 0.037109375
0 0.9833984375 0.6953125 0.033203125 0.109375
0 0.396484375 0.759765625 0.087890625 0.111328125
0 0.501953125 0.6396484375 0.078125 0.064453125
0 0.6611328125 0.62109375 0.072265625 0.091796875
0 0.6923828125 0.5546875 0.048828125 0.046875
0 0.205078125 0.375 0.0703125 0.060546875
0 0.185546875 0.46484375 0.080078125 0.087890625