0 0.162109375 0.220703125 0.03125 0.03515625
0 0.4296875 0.6884765625 0.130859375 0.158203125
0 0.224609375 0.3837890625 0.037109375 0.03125
0 0.166015625 0.3232421875 0.029296875 0.03125
0 0.2412109375 0.232421875 0.04296875 0.0546875
0 0.1357421875 0.166015625 0.04296875 0.044921875
0 0.9462890625 0.234375 0.046875 0.025390625
0 0.2109375 0.1748046875 0.03515625 0.03515625
0 0.49609375 0.1806640625 0.048828125 0.02734375
0 0.8310546875 0.3994140625 0.142578125 0.1875
0 0.2392578125 0.1435546875 0.037109375 0.015625
0 0.58203125 0.4765625 0.05859375 0.0546875
0 0.2568359375 0.1591796875 0.03515625 0.03515625
0 0.337890625 0.1689453125 0.091796875 0.048828125
0 0.30859375 0.6357421875 0.109375 0.107421875
0 0.525390625 0.40625 0.103515625 0.09765625
0 0.36328125 0.34375 0.234375 0.2734375