0 0.0947265625 0.2294921875 0.048828125 0.048828125
0 0.6123046875 0.45703125 0.087890625 0.111328125
0 0.4775390625 0.42578125 0.05859375 0.056640625
0 0.193359375 0.248046875 0.078125 0.056640625
0 0.2333984375 0.1962890625 0.037109375 0.033203125
0 0.33984375 0.3017578125 0.01953125 0.029296875
0 0.09375 0.2919921875 0.029296875 0.021484375
0 0.0546875 0.470703125 0.03125 0.021484375
0 0.1396484375 0.318359375 0.048828125 0.046875
0 0.0390625 0.1796875 0.046875 0.041015625
0 0.2255859375 0.4404296875 0.05078125 0.033203125
0 0.2294921875 0.3173828125 0.041015625 0.025390625
0 0.0908203125 0.4169921875 0.04296875 0.0546875
0 0.328125 0.1728515625 0.03125 0.015625
0 0.375 0.185546875 0.025390625 0.033203125
0 0.2783203125 0.5390625 0.03515625 0.044921875
0 0.150390625 0.169921875 0.02734375 0.013671875
0 0.5341796875 0.2255859375 0.091796875 0.115234375
0 0.5556640625 0.6650390625 0.09375 0.080078125
0 0.205078125 0.3603515625 0.03125 0.02734375
0 0.08984375 0.1728515625 0.0390625 0.0234375
0 0.4501953125 0.5712890625 0.125 0.1171875
0 0.6181640625 0.576171875 0.140625 0.103515625
0 0.525390625 0.47265625 0.056640625 0.078125
0 0.42578125 0.2626953125 0.072265625 0.138671875
0 0.28125 0.263671875 0.060546875 0.1015625