0 0.287109375 0.58203125 0.078125 0.072265625
0 0.365234375 0.31640625 0.033203125 0.04296875
0 0.8671875 0.775390625 0.080078125 0.09765625
0 0.572265625 0.71875 0.068359375 0.0703125
0 0.4765625 0.55859375 0.080078125 0.083984375
0 0.853515625 0.548828125 0.046875 0.091796875
0 0.2890625 0.341796875 0.033203125 0.041015625
0 0.310546875 0.427734375 0.109375 0.150390625
0 0.375 0.203125 0.033203125 0.033203125
0 0.966796875 0.771484375 0.056640625 0.1015625
0 0.357421875 0.740234375 0.072265625 0.1015625
0 0.48046875 0.638671875 0.0703125 0.0546875
0 0.640625 0.64453125 0.060546875 0.083984375
0 0.681640625 0.583984375 0.04296875 0.041015625
0 0.228515625 0.330078125 0.0625 0.05078125
0 0.1953125 0.416015625 0.068359375 0.078125