0 0.744140625 0.1748046875 0.083984375 0.107421875
0 0.568359375 0.435546875 0.0859375 0.091796875
0 0.7265625 0.275390625 0.123046875 0.08984375
0 0.6875 0.57421875 0.14453125 0.107421875
0 0.470703125 0.6396484375 0.103515625 0.123046875
0 0.44921875 0.80078125 0.095703125 0.13671875
0 0.564453125 0.3486328125 0.0859375 0.0703125
0 0.603515625 0.0908203125 0.0625 0.08203125
0 0.2236328125 0.6943359375 0.083984375 0.083984375
0 0.3466796875 0.69921875 0.11328125 0.107421875
0 0.5869140625 0.7490234375 0.05078125 0.064453125