0 0.958984375 0.392578125 0.037109375 0.05859375
0 0.857421875 0.35546875 0.037109375 0.056640625
0 0.884765625 0.62109375 0.0703125 0.111328125
0 0.56640625 0.341796875 0.13671875 0.125
0 0.55078125 0.51953125 0.10546875 0.103515625
0 0.423828125 0.5078125 0.1171875 0.158203125
0 0.107421875 0.732421875 0.111328125 0.091796875
0 0.146484375 0.373046875 0.080078125 0.091796875
0 0.3046875 0.345703125 0.087890625 0.087890625
0 0.107421875 0.283203125 0.083984375 0.07421875
0 0.453125 0.234375 0.044921875 0.060546875
0 0.775390625 0.423828125 0.04296875 0.072265625
0 0.70703125 0.251953125 0.15234375 0.078125
0 0.27734375 0.490234375 0.13671875 0.083984375
0 0.248046875 0.720703125 0.076171875 0.056640625