0 0.68359375 0.607421875 0.05078125 0.115234375
0 0.814453125 0.4609375 0.025390625 0.1171875
0 0.25 0.404296875 0.029296875 0.1328125
0 0.32421875 0.58203125 0.072265625 0.072265625
0 0.369140625 0.306640625 0.189453125 0.12890625
0 0.470703125 0.203125 0.173828125 0.064453125
0 0.5859375 0.31640625 0.197265625 0.138671875
0 0.302734375 0.67578125 0.158203125 0.072265625
0 0.697265625 0.759765625 0.09375 0.14453125
0 0.314453125 0.775390625 0.107421875 0.1015625
0 0.54296875 0.615234375 0.18359375 0.111328125