0 0.208984375 0.212890625 0.17578125 0.08203125
0 0.560546875 0.77734375 0.294921875 0.095703125
0 0.34375 0.2578125 0.107421875 0.15625
0 0.552734375 0.380859375 0.126953125 0.134765625
0 0.279296875 0.505859375 0.10546875 0.09765625
0 0.455078125 0.525390625 0.130859375 0.11328125
0 0.6015625 0.537109375 0.103515625 0.146484375
0 0.33203125 0.59765625 0.087890625 0.064453125
0 0.44140625 0.64453125 0.087890625 0.08984375
0 0.24609375 0.650390625 0.05859375 0.099609375
0 0.33203125 0.708984375 0.0859375 0.087890625
0 0.275390625 0.3984375 0.12890625 0.10546875