0 0.904296875 0.376953125 0.0703125 0.05859375
0 0.61328125 0.685546875 0.0546875 0.0703125
0 0.67578125 0.615234375 0.103515625 0.09375
0 0.9296875 0.294921875 0.064453125 0.068359375
0 0.76171875 0.72265625 0.083984375 0.095703125
0 0.341796875 0.759765625 0.11328125 0.115234375
0 0.19921875 0.283203125 0.05078125 0.0546875
0 0.529296875 0.775390625 0.05859375 0.068359375
0 0.353515625 0.62890625 0.138671875 0.125
0 0.96875 0.447265625 0.0546875 0.060546875
0 0.3125 0.376953125 0.134765625 0.140625
0 0.033203125 0.806640625 0.06640625 0.041015625
0 0.515625 0.5 0.07421875 0.126953125
0 0.91796875 0.71875 0.12890625 0.142578125
0 0.138671875 0.44140625 0.048828125 0.046875
0 0.640625 0.4375 0.177734375 0.205078125
0 0.025390625 0.4453125 0.05078125 0.12109375
0 0.107421875 0.310546875 0.0625 0.046875
0 0.021484375 0.21875 0.04296875 0.09375
0 0.021484375 0.30859375 0.04296875 0.048828125
0 0.931640625 0.490234375 0.05078125 0.04296875
0 0.232421875 0.748046875 0.052734375 0.06640625
0 0.736328125 0.306640625 0.044921875 0.046875
0 0.0546875 0.5390625 0.064453125 0.06640625
0 0.025390625 0.626953125 0.048828125 0.1171875
0 0.7265625 0.255859375 0.06640625 0.0390625
0 0.859375 0.6015625 0.05078125 0.064453125
0 0.1171875 0.189453125 0.05078125 0.033203125
0 0.4375 0.345703125 0.16796875 0.1015625