0 0.685546875 0.36328125 0.021484375 0.041015625
0 0.59375 0.583984375 0.02734375 0.048828125
0 0.787109375 0.509765625 0.078125 0.125
0 0.404296875 0.681640625 0.0546875 0.064453125
0 0.544921875 0.703125 0.087890625 0.166015625
0 0.451171875 0.595703125 0.05078125 0.123046875
0 0.529296875 0.564453125 0.056640625 0.099609375
0 0.58984375 0.44921875 0.0625 0.068359375
0 0.619140625 0.29296875 0.076171875 0.091796875
0 0.703125 0.609375 0.0625 0.078125
0 0.2890625 0.83203125 0.0703125 0.06640625
0 0.21875 0.755859375 0.064453125 0.0625