0 0.91015625 0.236328125 0.048828125 0.048828125
0 0.388671875 0.455078125 0.0859375 0.109375
0 0.5234375 0.42578125 0.05859375 0.0546875
0 0.810546875 0.25390625 0.078125 0.0546875
0 0.771484375 0.201171875 0.037109375 0.033203125
0 0.6640625 0.3046875 0.01953125 0.029296875
0 0.91015625 0.298828125 0.029296875 0.021484375
0 0.9453125 0.478515625 0.03125 0.021484375
0 0.86328125 0.32421875 0.048828125 0.046875
0 0.966796875 0.1875 0.046875 0.041015625
0 0.775390625 0.4453125 0.05078125 0.033203125
0 0.7734375 0.322265625 0.041015625 0.025390625
0 0.91015625 0.423828125 0.04296875 0.0546875
0 0.677734375 0.17578125 0.03125 0.015625
0 0.630859375 0.1875 0.025390625 0.033203125
0 0.720703125 0.54296875 0.03515625 0.044921875
0 0.85546875 0.17578125 0.02734375 0.013671875
0 0.470703125 0.224609375 0.08984375 0.11328125
0 0.44140625 0.6640625 0.091796875 0.078125
0 0.796875 0.365234375 0.03125 0.02734375
0 0.916015625 0.1796875 0.0390625 0.0234375
0 0.548828125 0.572265625 0.123046875 0.115234375
0 0.380859375 0.57421875 0.138671875 0.1015625
0 0.474609375 0.47265625 0.0546875 0.078125
0 0.578125 0.263671875 0.0703125 0.13671875
0 0.72265625 0.267578125 0.05859375 0.099609375