0 0.31640625 0.638671875 0.080078125 0.1796875
0 0.669921875 0.59765625 0.048828125 0.13671875
0 0.55078125 0.525390625 0.056640625 0.23828125
0 0.404296875 0.298828125 0.154296875 0.091796875
0 0.41796875 0.2109375 0.19140625 0.076171875
0 0.57421875 0.216796875 0.080078125 0.0859375
0 0.408203125 0.794921875 0.115234375 0.09765625
0 0.55078125 0.8203125 0.138671875 0.087890625
0 0.58984375 0.701171875 0.134765625 0.091796875
0 0.447265625 0.544921875 0.05078125 0.078125
0 0.609375 0.541015625 0.029296875 0.0625
0 0.666015625 0.302734375 0.05859375 0.0703125