0 0.73046875 0.796875 0.033203125 0.0546875
0 0.626953125 0.27734375 0.0625 0.08984375
0 0.4296875 0.4453125 0.037109375 0.064453125
0 0.705078125 0.638671875 0.033203125 0.048828125
0 0.34375 0.791015625 0.0234375 0.04296875
0 0.40625 0.5703125 0.04296875 0.078125
0 0.30859375 0.419921875 0.04296875 0.107421875
0 0.732421875 0.88671875 0.04296875 0.07421875
0 0.748046875 0.673828125 0.03515625 0.044921875
0 0.513671875 0.341796875 0.0859375 0.0859375
0 0.443359375 0.80078125 0.091796875 0.1171875
0 0.298828125 0.935546875 0.115234375 0.12890625
0 0.25390625 0.771484375 0.103515625 0.111328125
0 0.376953125 0.67578125 0.146484375 0.103515625