0 0.34375 0.69140625 0.0390625 0.03125
0 0.8251953125 0.607421875 0.044921875 0.064453125
0 0.43359375 0.6103515625 0.07421875 0.078125
0 0.73828125 0.169921875 0.083984375 0.107421875
0 0.53515625 0.3828125 0.05078125 0.046875
0 0.3017578125 0.587890625 0.09765625 0.060546875
0 0.384765625 0.376953125 0.146484375 0.07421875
0 0.521484375 0.6162109375 0.1484375 0.09375
0 0.734375 0.6162109375 0.05859375 0.04296875
0 0.6572265625 0.478515625 0.03125 0.0234375
0 0.484375 0.830078125 0.044921875 0.0390625
0 0.5732421875 0.888671875 0.02734375 0.02734375
0 0.8671875 0.853515625 0.044921875 0.033203125
0 0.4794921875 0.8857421875 0.09375 0.052734375
0 0.4091796875 0.84765625 0.029296875 0.041015625
0 0.833984375 0.6875 0.041015625 0.044921875
0 0.4892578125 0.740234375 0.05859375 0.060546875