0 0.171875 0.255859375 0.185546875 0.10546875
0 0.5986328125 0.7666015625 0.3046875 0.13671875
0 0.3115234375 0.2822265625 0.12890625 0.169921875
0 0.53515625 0.375 0.14453125 0.150390625
0 0.2822265625 0.5361328125 0.1171875 0.111328125
0 0.458984375 0.53125 0.14453125 0.130859375
0 0.60546875 0.5224609375 0.123046875 0.16015625
0 0.34765625 0.6201171875 0.095703125 0.076171875
0 0.4619140625 0.6513671875 0.099609375 0.1015625
0 0.26953125 0.6845703125 0.072265625 0.107421875
0 0.3623046875 0.73046875 0.09765625 0.099609375
0 0.263671875 0.4306640625 0.142578125 0.123046875