0 0.96875 0.193359375 0.0625 0.041015625
0 0.798828125 0.19921875 0.052734375 0.052734375
0 0.419921875 0.728515625 0.10546875 0.158203125
0 0.3046875 0.591796875 0.140625 0.1796875
0 0.2109375 0.19921875 0.15234375 0.052734375
0 0.439453125 0.41796875 0.048828125 0.072265625
0 0.421875 0.556640625 0.080078125 0.078125
0 0.908203125 0.224609375 0.046875 0.0625
0 0.091796875 0.642578125 0.099609375 0.140625
0 0.67578125 0.185546875 0.076171875 0.025390625
0 0.802734375 0.3984375 0.095703125 0.13671875
0 0.634765625 0.728515625 0.201171875 0.12109375
0 0.91796875 0.8046875 0.15234375 0.04296875
0 0.798828125 0.640625 0.052734375 0.052734375
0 0.02734375 0.228515625 0.0546875 0.11328125
0 0.5234375 0.26171875 0.103515625 0.14453125
0 0.49609375 0.794921875 0.0234375 0.0234375
0 0.11328125 0.359375 0.087890625 0.08984375
0 0.939453125 0.541015625 0.12109375 0.26953125
0 0.603515625 0.4375 0.197265625 0.111328125
0 0.890625 0.7265625 0.07421875 0.09375
0 0.12890625 0.47265625 0.1328125 0.095703125
0 0.279296875 0.34765625 0.11328125 0.193359375
0 0.26953125 0.78125 0.125 0.091796875