0 0.3251953125 0.5478515625 0.07421875 0.09375
0 0.5224609375 0.5927734375 0.087890625 0.1484375
0 0.630859375 0.474609375 0.076171875 0.072265625
0 0.541015625 0.7783203125 0.08203125 0.07421875
0 0.1416015625 0.134765625 0.060546875 0.029296875
0 0.24609375 0.3271484375 0.13671875 0.12890625
0 0.2373046875 0.1552734375 0.0390625 0.037109375
0 0.3994140625 0.4365234375 0.0703125 0.0859375
0 0.5986328125 0.724609375 0.052734375 0.052734375
0 0.068359375 0.216796875 0.076171875 0.078125
0 0.373046875 0.3447265625 0.041015625 0.037109375
0 0.603515625 0.5859375 0.08203125 0.09765625
0 0.4951171875 0.4248046875 0.1171875 0.107421875