0 0.591796875 0.91015625 0.03515625 0.056640625
0 0.591796875 0.78515625 0.06640625 0.12109375
0 0.3408203125 0.6748046875 0.033203125 0.056640625
0 0.693359375 0.5830078125 0.072265625 0.169921875
0 0.5341796875 0.2421875 0.16015625 0.146484375
0 0.5029296875 0.8291015625 0.083984375 0.0859375
0 0.4970703125 0.5380859375 0.13671875 0.13671875
0 0.3193359375 0.609375 0.103515625 0.080078125
0 0.607421875 0.544921875 0.087890625 0.080078125
0 0.3720703125 0.2685546875 0.15234375 0.15625
0 0.419921875 0.6669921875 0.087890625 0.1015625