0 0.673828125 0.177734375 0.1640625 0.099609375
0 0.2841796875 0.23046875 0.095703125 0.083984375
0 0.708984375 0.5986328125 0.068359375 0.08203125
0 0.658203125 0.4326171875 0.166015625 0.107421875
0 0.1884765625 0.22265625 0.060546875 0.0390625
0 0.9384765625 0.39453125 0.099609375 0.130859375
0 0.912109375 0.2880859375 0.087890625 0.111328125
0 0.37109375 0.4091796875 0.125 0.1484375
0 0.5478515625 0.2900390625 0.095703125 0.107421875
0 0.6435546875 0.353515625 0.08203125 0.103515625
0 0.6064453125 0.5556640625 0.107421875 0.111328125
0 0.44140625 0.5595703125 0.236328125 0.1953125
0 0.2333984375 0.7802734375 0.07421875 0.087890625
0 0.8818359375 0.6474609375 0.052734375 0.068359375
0 0.9755859375 0.59765625 0.048828125 0.07421875
0 0.8369140625 0.509765625 0.08203125 0.09765625