0 0.16015625 0.267578125 0.037109375 0.0390625
0 0.734375 0.259765625 0.125 0.197265625
0 0.7529296875 0.67578125 0.126953125 0.1484375
0 0.2275390625 0.3388671875 0.068359375 0.0703125
0 0.771484375 0.1826171875 0.060546875 0.044921875
0 0.603515625 0.259765625 0.060546875 0.115234375
0 0.6533203125 0.1923828125 0.044921875 0.05859375
0 0.3447265625 0.2060546875 0.033203125 0.029296875
0 0.416015625 0.1806640625 0.072265625 0.029296875
0 0.427734375 0.3681640625 0.26953125 0.267578125
0 0.30078125 0.630859375 0.166015625 0.19140625
0 0.537109375 0.5986328125 0.2890625 0.185546875