0 0.1640625 0.26171875 0.037109375 0.0390625
0 0.73828125 0.263671875 0.12109375 0.1953125
0 0.75 0.6796875 0.125 0.146484375
0 0.23046875 0.333984375 0.06640625 0.068359375
0 0.77734375 0.1875 0.060546875 0.04296875
0 0.607421875 0.26171875 0.05859375 0.11328125
0 0.658203125 0.1953125 0.04296875 0.05859375
0 0.349609375 0.203125 0.033203125 0.029296875
0 0.421875 0.1796875 0.072265625 0.02734375
0 0.4296875 0.3671875 0.265625 0.263671875
0 0.298828125 0.626953125 0.162109375 0.189453125
0 0.53515625 0.599609375 0.28515625 0.1796875