0 0.93359375 0.337890625 0.01953125 0.02734375
0 0.2578125 0.279296875 0.03125 0.03515625
0 0.65234375 0.509765625 0.060546875 0.04296875
0 0.1953125 0.744140625 0.07421875 0.048828125
0 0.794921875 0.279296875 0.044921875 0.037109375
0 0.5546875 0.5234375 0.0625 0.048828125
0 0.591796875 0.630859375 0.060546875 0.0546875
0 0.333984375 0.48046875 0.037109375 0.03125
0 0.345703125 0.52734375 0.0390625 0.04296875
0 0.400390625 0.625 0.0390625 0.037109375
0 0.478515625 0.55859375 0.041015625 0.03515625
0 0.49609375 0.67578125 0.048828125 0.037109375
0 0.384765625 0.462890625 0.033203125 0.029296875