0 0.203125 0.732421875 0.080078125 0.08203125
0 0.63671875 0.529296875 0.05078125 0.060546875
0 0.6640625 0.6455078125 0.07421875 0.056640625
0 0.388671875 0.5 0.0390625 0.044921875
0 0.5400390625 0.693359375 0.044921875 0.0546875
0 0.5029296875 0.41796875 0.046875 0.064453125
0 0.5322265625 0.5771484375 0.05078125 0.05859375
0 0.4404296875 0.6181640625 0.0625 0.05078125
0 0.0068359375 0.7646484375 0.013671875 0.052734375
0 0.58203125 0.640625 0.0390625 0.052734375
0 0.306640625 0.21875 0.033203125 0.037109375