0 0.583984375 0.560546875 0.072265625 0.052734375
0 0.701171875 0.697265625 0.087890625 0.109375
0 0.376953125 0.55078125 0.048828125 0.05078125
0 0.494140625 0.6796875 0.05859375 0.041015625
0 0.576171875 0.623046875 0.068359375 0.037109375
0 0.482421875 0.5859375 0.0546875 0.04296875
0 0.44921875 0.724609375 0.046875 0.025390625
0 0.58984375 0.6875 0.0390625 0.05859375
0 0.390625 0.6328125 0.052734375 0.056640625
0 0.302734375 0.50390625 0.037109375 0.03125
0 0.51171875 0.490234375 0.046875 0.05078125
0 0.642578125 0.57421875 0.021484375 0.060546875
0 0.330078125 0.625 0.0234375 0.03515625