0 0.01171875 0.4091796875 0.0234375 0.033203125
0 0.9287109375 0.607421875 0.033203125 0.044921875
0 0.4912109375 0.740234375 0.037109375 0.041015625
0 0.09765625 0.65234375 0.041015625 0.04296875
0 0.0234375 0.451171875 0.0390625 0.041015625
0 0.603515625 0.1376953125 0.138671875 0.05859375
0 0.234375 0.580078125 0.06640625 0.080078125
0 0.365234375 0.6142578125 0.091796875 0.13671875
0 0.796875 0.5546875 0.095703125 0.06640625
0 0.2041015625 0.7451171875 0.1015625 0.103515625
0 0.08984375 0.5400390625 0.056640625 0.0703125
0 0.1171875 0.4453125 0.076171875 0.080078125
0 0.173828125 0.654296875 0.078125 0.078125
0 0.24609375 0.6494140625 0.041015625 0.048828125
0 0.7548828125 0.162109375 0.0703125 0.078125
0 0.5048828125 0.693359375 0.046875 0.048828125
0 0.8828125 0.6884765625 0.07421875 0.0859375