0 0.59375 0.6201171875 0.033203125 0.0390625
0 0.537109375 0.5263671875 0.048828125 0.0703125
0 0.685546875 0.5107421875 0.029296875 0.03515625
0 0.4091796875 0.6630859375 0.0390625 0.044921875
0 0.806640625 0.3974609375 0.04296875 0.048828125
0 0.6220703125 0.318359375 0.09765625 0.0859375
0 0.6083984375 0.4462890625 0.0390625 0.048828125
0 0.5400390625 0.154296875 0.07421875 0.0625
0 0.9658203125 0.2587890625 0.041015625 0.05078125
0 0.52734375 0.6318359375 0.0234375 0.025390625
0 0.4365234375 0.8203125 0.033203125 0.041015625
0 0.1943359375 0.6103515625 0.033203125 0.033203125
0 0.646484375 0.66796875 0.033203125 0.046875
0 0.4208984375 0.1953125 0.044921875 0.0625
0 0.44921875 0.2939453125 0.064453125 0.08984375
0 0.466796875 0.5830078125 0.025390625 0.029296875
0 0.501953125 0.7197265625 0.03125 0.0390625
0 0.806640625 0.3076171875 0.04296875 0.044921875
0 0.62890625 0.1953125 0.029296875 0.0390625
0 0.6865234375 0.1572265625 0.033203125 0.03515625
0 0.3251953125 0.5078125 0.0234375 0.029296875
0 0.828125 0.240234375 0.041015625 0.048828125
0 0.2880859375 0.4599609375 0.0390625 0.052734375
0 0.6533203125 0.583984375 0.02734375 0.037109375
0 0.6123046875 0.560546875 0.056640625 0.048828125
0 0.4609375 0.791015625 0.01953125 0.02734375
0 0.7158203125 0.4072265625 0.033203125 0.044921875
0 0.4462890625 0.4384765625 0.142578125 0.11328125
0 0.609375 0.6640625 0.01953125 0.025390625
0 0.55078125 0.796875 0.025390625 0.029296875
0 0.5009765625 0.7783203125 0.03515625 0.037109375
0 0.6357421875 0.2216796875 0.078125 0.099609375
0 0.35546875 0.6015625 0.076171875 0.078125
0 0.6748046875 0.568359375 0.017578125 0.02734375
0 0.5693359375 0.359375 0.033203125 0.046875
0 0.25 0.60546875 0.14453125 0.109375
0 0.322265625 0.8017578125 0.021484375 0.03515625
0 0.533203125 0.34375 0.0234375 0.02734375
0 0.33984375 0.3369140625 0.033203125 0.04296875
0 0.48828125 0.4150390625 0.056640625 0.0546875
0 0.4541015625 0.7373046875 0.03515625 0.0390625
0 0.2939453125 0.640625 0.03125 0.03125
0 0.359375 0.7802734375 0.02734375 0.033203125
0 0.736328125 0.5810546875 0.060546875 0.064453125
0 0.630859375 0.7724609375 0.05078125 0.08984375
0 0.3037109375 0.7255859375 0.078125 0.083984375
0 0.720703125 0.8408203125 0.046875 0.033203125
0 0.65625 0.8662109375 0.033203125 0.046875
0 0.6005859375 0.849609375 0.015625 0.02734375
0 0.53515625 0.8564453125 0.048828125 0.046875