0 0.06640625 0.337890625 0.01953125 0.02734375
0 0.7421875 0.279296875 0.03125 0.03515625
0 0.34765625 0.509765625 0.060546875 0.04296875
0 0.8046875 0.744140625 0.07421875 0.048828125
0 0.205078125 0.279296875 0.044921875 0.037109375
0 0.4453125 0.5234375 0.0625 0.048828125
0 0.408203125 0.630859375 0.060546875 0.0546875
0 0.666015625 0.48046875 0.037109375 0.03125
0 0.654296875 0.52734375 0.0390625 0.04296875
0 0.599609375 0.625 0.0390625 0.037109375
0 0.521484375 0.55859375 0.041015625 0.03515625
0 0.50390625 0.67578125 0.048828125 0.037109375
0 0.615234375 0.462890625 0.033203125 0.029296875