0 0.8671875 0.689453125 0.138671875 0.11328125
0 0.8671875 0.421875 0.013671875 0.01171875
0 0.802734375 0.681640625 0.009765625 0.009765625
0 0.55078125 0.630859375 0.013671875 0.013671875
0 0.92578125 0.43359375 0.01953125 0.015625
0 0.841796875 0.8046875 0.02734375 0.0234375
0 0.30859375 0.65625 0.09765625 0.076171875
0 0.763671875 0.609375 0.021484375 0.017578125
0 0.63671875 0.447265625 0.01953125 0.017578125
0 0.6171875 0.650390625 0.0546875 0.033203125
0 0.458984375 0.7265625 0.0234375 0.02734375
0 0.6875 0.560546875 0.029296875 0.025390625
0 0.70703125 0.46875 0.01953125 0.01953125
0 0.56640625 0.458984375 0.076171875 0.044921875