0 0.73046875 0.6796875 0.052734375 0.06640625
0 0.421875 0.646484375 0.0390625 0.05859375
0 0.28125 0.646484375 0.037109375 0.046875
0 0.017578125 0.6171875 0.033203125 0.0625
0 0.384765625 0.458984375 0.021484375 0.01953125
0 0.732421875 0.4921875 0.0390625 0.02734375
0 0.22265625 0.439453125 0.02734375 0.03515625
0 0.333984375 0.423828125 0.064453125 0.04296875
0 0.46484375 0.1875 0.037109375 0.044921875
0 0.275390625 0.447265625 0.021484375 0.0234375
0 0.30859375 0.525390625 0.025390625 0.0234375
0 0.5234375 0.7421875 0.02734375 0.033203125
0 0.474609375 0.67578125 0.037109375 0.0390625
0 0.81640625 0.57421875 0.029296875 0.04296875
0 0.6015625 0.751953125 0.046875 0.080078125
0 0.80078125 0.634765625 0.03125 0.080078125
0 0.673828125 0.447265625 0.0390625 0.060546875
0 0.8125 0.443359375 0.041015625 0.052734375
0 0.833984375 0.525390625 0.025390625 0.033203125
0 0.41015625 0.71484375 0.044921875 0.03515625
0 0.357421875 0.658203125 0.0546875 0.048828125
0 0.6171875 0.677734375 0.044921875 0.04296875
0 0.521484375 0.6953125 0.033203125 0.04296875
0 0.732421875 0.56640625 0.029296875 0.029296875