0 0.251953125 0.537109375 0.068359375 0.0625
0 0.24609375 0.703125 0.068359375 0.072265625
0 0.029296875 0.4296875 0.0390625 0.041015625
0 0.833984375 0.21875 0.03125 0.041015625
0 0.65625 0.650390625 0.037109375 0.048828125
0 0.81640625 0.517578125 0.060546875 0.07421875
0 0.1953125 0.60546875 0.04296875 0.0546875
0 0.1171875 0.5703125 0.0625 0.080078125
0 0.591796875 0.18359375 0.06640625 0.033203125
0 0.3046875 0.1875 0.095703125 0.04296875
0 0.103515625 0.29296875 0.07421875 0.078125
0 0.734375 0.521484375 0.033203125 0.03125
0 0.73046875 0.591796875 0.056640625 0.046875
0 0.44921875 0.626953125 0.138671875 0.095703125
0 0.595703125 0.576171875 0.0625 0.060546875
0 0.658203125 0.271484375 0.025390625 0.0390625
0 0.765625 0.279296875 0.03515625 0.0546875
0 0.337890625 0.27734375 0.048828125 0.05078125
0 0.6796875 0.763671875 0.078125 0.05078125
0 0.8125 0.388671875 0.037109375 0.03125