0 0.73828125 0.533203125 0.041015625 0.044921875
0 0.72265625 0.390625 0.048828125 0.048828125
0 0.779296875 0.466796875 0.05078125 0.064453125
0 0.775390625 0.623046875 0.0625 0.0390625
0 0.72265625 0.646484375 0.03515625 0.044921875
0 0.796875 0.681640625 0.08984375 0.0546875
0 0.841796875 0.400390625 0.029296875 0.033203125
0 0.888671875 0.427734375 0.029296875 0.04296875
0 0.65625 0.4609375 0.03515625 0.056640625
0 0.7109375 0.44921875 0.03125 0.041015625
0 0.201171875 0.470703125 0.04296875 0.0625
0 0.154296875 0.4765625 0.02734375 0.0859375
0 0.20703125 0.52734375 0.03515625 0.025390625
0 0.1953125 0.59765625 0.037109375 0.04296875
0 0.111328125 0.630859375 0.052734375 0.068359375
0 0.087890625 0.494140625 0.056640625 0.025390625
0 0.119140625 0.552734375 0.048828125 0.03515625
0 0.033203125 0.513671875 0.03515625 0.048828125