0 0.2421875 0.5107421875 0.037109375 0.056640625
0 0.724609375 0.7626953125 0.064453125 0.068359375
0 0.9755859375 0.5673828125 0.048828125 0.080078125
0 0.1533203125 0.4814453125 0.0703125 0.060546875
0 0.9384765625 0.4873046875 0.06640625 0.064453125
0 0.8486328125 0.4755859375 0.046875 0.052734375
0 0.0419921875 0.4443359375 0.02734375 0.03515625
0 0.2216796875 0.85546875 0.056640625 0.03125
0 0.8974609375 0.38671875 0.091796875 0.10546875
0 0.7255859375 0.4140625 0.0546875 0.03515625
0 0.638671875 0.3134765625 0.0703125 0.06640625
0 0.2548828125 0.43359375 0.068359375 0.04296875
0 0.337890625 0.5478515625 0.0234375 0.033203125
0 0.716796875 0.357421875 0.083984375 0.05859375
0 0.6240234375 0.4599609375 0.037109375 0.0625
0 0.412109375 0.3447265625 0.048828125 0.048828125
0 0.4228515625 0.4462890625 0.029296875 0.0234375