0 0.7890625 0.6015625 0.03125 0.048828125
0 0.7265625 0.546875 0.029296875 0.03515625
0 0.955078125 0.796875 0.076171875 0.0546875
0 0.86328125 0.451171875 0.05859375 0.052734375
0 0.4453125 0.32421875 0.08984375 0.080078125
0 0.556640625 0.34765625 0.072265625 0.076171875
0 0.3515625 0.4921875 0.09765625 0.083984375
0 0.41796875 0.587890625 0.107421875 0.0859375
0 0.439453125 0.4453125 0.0703125 0.103515625
0 0.525390625 0.537109375 0.068359375 0.1171875
0 0.6171875 0.5703125 0.0859375 0.087890625