0 0.244140625 0.5634765625 0.138671875 0.1796875
0 0.0927734375 0.6025390625 0.115234375 0.109375
0 0.513671875 0.1513671875 0.115234375 0.060546875
0 0.015625 0.5576171875 0.02734375 0.072265625
0 0.94921875 0.1640625 0.072265625 0.11328125
0 0.6650390625 0.5859375 0.173828125 0.140625
0 0.439453125 0.390625 0.236328125 0.1484375
0 0.7041015625 0.3603515625 0.12890625 0.26953125
0 0.8798828125 0.345703125 0.1015625 0.1484375
0 0.3955078125 0.6328125 0.091796875 0.119140625
0 0.83984375 0.6015625 0.087890625 0.078125