0 0.578125 0.724609375 0.046875 0.0859375
0 0.59765625 0.62890625 0.05078125 0.05078125
0 0.6875 0.556640625 0.087890625 0.052734375
0 0.4375 0.66796875 0.060546875 0.04296875
0 0.55078125 0.818359375 0.04296875 0.0546875
0 0.6796875 0.677734375 0.029296875 0.029296875
0 0.439453125 0.23828125 0.033203125 0.0546875
0 0.634765625 0.298828125 0.07421875 0.068359375
0 0.744140625 0.345703125 0.0390625 0.078125
0 0.4296875 0.4375 0.041015625 0.0546875
0 0.64453125 0.427734375 0.076171875 0.0625
0 0.3046875 0.23828125 0.0234375 0.056640625
0 0.78125 0.25390625 0.0625 0.060546875
0 0.455078125 0.75 0.0625 0.033203125