0 0.3095703125 0.435546875 0.025390625 0.03125
0 0.4287109375 0.5009765625 0.037109375 0.037109375
0 0.484375 0.763671875 0.041015625 0.05078125
0 0.6083984375 0.732421875 0.04296875 0.05078125
0 0.6259765625 0.53125 0.0390625 0.04296875
0 0.4921875 0.525390625 0.056640625 0.068359375
0 0.3994140625 0.5791015625 0.06640625 0.0546875
0 0.330078125 0.5859375 0.041015625 0.048828125
0 0.572265625 0.4189453125 0.037109375 0.0390625
0 0.5478515625 0.46484375 0.04296875 0.0234375
0 0.4892578125 0.4560546875 0.029296875 0.03125
0 0.5888671875 0.4755859375 0.033203125 0.0390625
0 0.5390625 0.5 0.02734375 0.029296875
0 0.369140625 0.4755859375 0.03515625 0.05078125
0 0.591796875 0.255859375 0.033203125 0.05078125
0 0.724609375 0.369140625 0.044921875 0.046875
0 0.74609375 0.41796875 0.046875 0.05078125
0 0.712890625 0.4443359375 0.03515625 0.05078125
0 0.5458984375 0.6904296875 0.033203125 0.044921875
0 0.5966796875 0.6845703125 0.068359375 0.05078125
0 0.5439453125 0.73046875 0.01953125 0.021484375