0 0.41015625 0.7197265625 0.05078125 0.087890625
0 0.3955078125 0.6240234375 0.052734375 0.052734375
0 0.3095703125 0.546875 0.08984375 0.056640625
0 0.5537109375 0.6708984375 0.0625 0.046875
0 0.4326171875 0.8154296875 0.044921875 0.056640625
0 0.3115234375 0.66796875 0.03125 0.03125
0 0.57421875 0.2421875 0.03515625 0.056640625
0 0.3759765625 0.2919921875 0.078125 0.072265625
0 0.2646484375 0.3330078125 0.04296875 0.080078125
0 0.5732421875 0.44140625 0.04296875 0.056640625
0 0.359375 0.419921875 0.080078125 0.06640625
0 0.708984375 0.2490234375 0.02734375 0.05859375
0 0.232421875 0.2392578125 0.06640625 0.064453125
0 0.5322265625 0.751953125 0.064453125 0.037109375