0 0.626953125 0.66796875 0.044921875 0.052734375
0 0.40625 0.65234375 0.025390625 0.029296875
0 0.4140625 0.533203125 0.041015625 0.048828125
0 0.662109375 0.59375 0.056640625 0.046875
0 0.701171875 0.6484375 0.05078125 0.041015625
0 0.203125 0.23046875 0.02734375 0.01953125
0 0.28125 0.654296875 0.03125 0.03515625
0 0.69140625 0.470703125 0.029296875 0.025390625
0 0.37109375 0.693359375 0.046875 0.0546875
0 0.322265625 0.427734375 0.05859375 0.0703125
0 0.2421875 0.4296875 0.048828125 0.072265625
0 0.36328125 0.56640625 0.04296875 0.060546875
0 0.26171875 0.59375 0.05859375 0.056640625
0 0.73046875 0.34765625 0.056640625 0.091796875
0 0.650390625 0.259765625 0.0703125 0.076171875
0 0.771484375 0.458984375 0.06640625 0.09375
0 0.75 0.572265625 0.07421875 0.0546875
0 0.37109375 0.259765625 0.0390625 0.076171875
0 0.298828125 0.294921875 0.060546875 0.08984375