0 0.7333984375 0.5576171875 0.044921875 0.048828125
0 0.732421875 0.4140625 0.052734375 0.052734375
0 0.78125 0.49609375 0.056640625 0.0703125
0 0.7607421875 0.6513671875 0.06640625 0.044921875
0 0.7060546875 0.6689453125 0.0390625 0.048828125
0 0.7763671875 0.7119140625 0.095703125 0.064453125
0 0.8505859375 0.4365234375 0.033203125 0.03515625
0 0.89453125 0.46875 0.033203125 0.044921875
0 0.6591796875 0.4775390625 0.041015625 0.060546875
0 0.71484375 0.4716796875 0.03515625 0.044921875
0 0.2060546875 0.439453125 0.048828125 0.06640625
0 0.158203125 0.4404296875 0.037109375 0.087890625
0 0.2060546875 0.49609375 0.037109375 0.029296875
0 0.1865234375 0.5654296875 0.041015625 0.046875
0 0.099609375 0.58984375 0.060546875 0.07421875
0 0.0908203125 0.451171875 0.05859375 0.03125
0 0.115234375 0.5126953125 0.052734375 0.041015625
0 0.0341796875 0.46484375 0.041015625 0.052734375