0 0.796875 0.576171875 0.03515625 0.05078125
0 0.7294921875 0.52734375 0.033203125 0.037109375
0 0.9697265625 0.7548828125 0.060546875 0.060546875
0 0.857421875 0.419921875 0.0625 0.05859375
0 0.4306640625 0.330078125 0.095703125 0.087890625
0 0.54296875 0.34375 0.078125 0.08203125
0 0.3515625 0.5048828125 0.10546875 0.091796875
0 0.42578125 0.5947265625 0.115234375 0.095703125
0 0.4345703125 0.451171875 0.078125 0.109375
0 0.5283203125 0.53515625 0.078125 0.123046875
0 0.623046875 0.5595703125 0.09375 0.095703125