0 0.7265625 0.171875 0.119140625 0.09375
0 0.5234375 0.154296875 0.087890625 0.05859375
0 0.01171875 0.3828125 0.0234375 0.048828125
0 0.646484375 0.25390625 0.05859375 0.08984375
0 0.208984375 0.66796875 0.111328125 0.078125
0 0.1015625 0.375 0.044921875 0.0390625
0 0.52734375 0.7421875 0.05078125 0.0625
0 0.185546875 0.673828125 0.05078125 0.056640625
0 0.708984375 0.76953125 0.076171875 0.119140625
0 0.33203125 0.130859375 0.033203125 0.013671875
0 0.708984375 0.630859375 0.126953125 0.041015625
0 0.9140625 0.263671875 0.052734375 0.052734375
0 0.298828125 0.349609375 0.0703125 0.060546875
0 0.142578125 0.4140625 0.02734375 0.033203125
0 0.08203125 0.466796875 0.046875 0.0546875
0 0.220703125 0.466796875 0.06640625 0.052734375
0 0.41015625 0.677734375 0.087890625 0.068359375
0 0.408203125 0.744140625 0.056640625 0.048828125
0 0.525390625 0.810546875 0.05859375 0.0390625
0 0.619140625 0.765625 0.029296875 0.05078125
0 0.6015625 0.703125 0.068359375 0.044921875
0 0.826171875 0.66015625 0.037109375 0.05078125
0 0.833984375 0.75390625 0.02734375 0.044921875
0 0.615234375 0.6328125 0.044921875 0.04296875
0 0.541015625 0.296875 0.044921875 0.044921875
0 0.56640625 0.2421875 0.033203125 0.046875
0 0.33984375 0.23828125 0.033203125 0.099609375