0 0.2421875 0.5546875 0.1328125 0.17578125
0 0.08984375 0.587890625 0.111328125 0.10546875
0 0.525390625 0.15234375 0.11328125 0.056640625
0 0.013671875 0.541015625 0.025390625 0.072265625
0 0.9609375 0.1796875 0.068359375 0.111328125
0 0.662109375 0.591796875 0.169921875 0.134765625
0 0.443359375 0.388671875 0.232421875 0.140625
0 0.708984375 0.3671875 0.119140625 0.265625
0 0.884765625 0.359375 0.095703125 0.14453125
0 0.390625 0.62890625 0.087890625 0.115234375
0 0.8359375 0.61328125 0.0859375 0.07421875