0 0.017578125 0.3671875 0.03125 0.03125
0 0.91796875 0.64453125 0.029296875 0.04296875
0 0.470703125 0.73828125 0.033203125 0.0390625
0 0.0859375 0.6171875 0.037109375 0.0390625
0 0.029296875 0.41015625 0.03515625 0.0390625
0 0.634765625 0.1484375 0.134765625 0.046875
0 0.228515625 0.556640625 0.060546875 0.07421875
0 0.35546875 0.6015625 0.080078125 0.130859375
0 0.791015625 0.580078125 0.091796875 0.05859375
0 0.18359375 0.71875 0.09375 0.095703125
0 0.087890625 0.50390625 0.05078125 0.06640625
0 0.123046875 0.412109375 0.0703125 0.07421875
0 0.162109375 0.625 0.072265625 0.072265625
0 0.234375 0.626953125 0.037109375 0.044921875
0 0.783203125 0.185546875 0.064453125 0.072265625
0 0.48828125 0.693359375 0.04296875 0.044921875
0 0.865234375 0.720703125 0.068359375 0.080078125