0 0.76953125 0.7275390625 0.025390625 0.02734375
0 0.08203125 0.4873046875 0.0390625 0.03125
0 0.1474609375 0.650390625 0.0390625 0.04296875
0 0.013671875 0.4072265625 0.0234375 0.044921875
0 0.7197265625 0.53125 0.029296875 0.03125
0 0.34765625 0.4033203125 0.0234375 0.017578125
0 0.404296875 0.51953125 0.025390625 0.025390625
0 0.642578125 0.7431640625 0.021484375 0.017578125
0 0.337890625 0.3701171875 0.033203125 0.0234375
0 0.9052734375 0.5498046875 0.11328125 0.279296875
0 0.205078125 0.4716796875 0.09765625 0.203125
0 0.0556640625 0.5625 0.046875 0.05859375
0 0.0888671875 0.3466796875 0.0625 0.083984375
0 0.2236328125 0.6416015625 0.048828125 0.10546875
0 0.3154296875 0.4580078125 0.060546875 0.041015625