0 0.9140625 0.3701171875 0.06640625 0.072265625
0 0.28515625 0.453125 0.1015625 0.087890625
0 0.1943359375 0.3564453125 0.05078125 0.044921875
0 0.9853515625 0.6904296875 0.029296875 0.060546875
0 0.2314453125 0.525390625 0.025390625 0.021484375
0 0.4599609375 0.5322265625 0.03125 0.02734375
0 0.1875 0.5107421875 0.041015625 0.048828125
0 0.599609375 0.486328125 0.033203125 0.041015625
0 0.7060546875 0.5673828125 0.07421875 0.080078125
0 0.4423828125 0.572265625 0.05078125 0.048828125
0 0.501953125 0.326171875 0.037109375 0.0234375