0 0.1611328125 0.1748046875 0.025390625 0.033203125
0 0.3642578125 0.6708984375 0.029296875 0.037109375
0 0.2548828125 0.169921875 0.04296875 0.025390625
0 0.779296875 0.3916015625 0.02734375 0.04296875
0 0.1611328125 0.1728515625 0.0390625 0.041015625
0 0.6005859375 0.4130859375 0.03515625 0.060546875
0 0.3720703125 0.3974609375 0.091796875 0.0703125
0 0.4658203125 0.583984375 0.09765625 0.0703125
0 0.62109375 0.5771484375 0.0625 0.046875
0 0.4580078125 0.4453125 0.03515625 0.060546875
0 0.375 0.4638671875 0.064453125 0.037109375