0 0.7578125 0.48828125 0.033203125 0.0546875
0 0.298828125 0.78125 0.05859375 0.064453125
0 0.02734375 0.609375 0.05078125 0.076171875
0 0.84375 0.451171875 0.06640625 0.0546875
0 0.0625 0.525390625 0.0625 0.05859375
0 0.150390625 0.505859375 0.04296875 0.048828125
0 0.951171875 0.404296875 0.025390625 0.033203125
0 0.80859375 0.830078125 0.0546875 0.02734375
0 0.09375 0.421875 0.083984375 0.09765625
0 0.267578125 0.43359375 0.052734375 0.03125
0 0.345703125 0.326171875 0.064453125 0.060546875
0 0.73828125 0.412109375 0.064453125 0.037109375
0 0.666015625 0.533203125 0.021484375 0.03125
0 0.271484375 0.376953125 0.080078125 0.052734375
0 0.373046875 0.470703125 0.03125 0.060546875
0 0.57421875 0.337890625 0.044921875 0.044921875
0 0.572265625 0.439453125 0.02734375 0.021484375