0 0.70703125 0.7060546875 0.060546875 0.072265625
0 0.404296875 0.6357421875 0.046875 0.0625
0 0.2646484375 0.619140625 0.04296875 0.05078125
0 0.013671875 0.556640625 0.02734375 0.06640625
0 0.390625 0.4453125 0.0234375 0.021484375
0 0.7314453125 0.5205078125 0.04296875 0.03125
0 0.232421875 0.40625 0.03125 0.0390625
0 0.3447265625 0.404296875 0.068359375 0.05078125
0 0.5029296875 0.185546875 0.04296875 0.048828125
0 0.283203125 0.419921875 0.0234375 0.025390625
0 0.306640625 0.501953125 0.02734375 0.025390625
0 0.494140625 0.7431640625 0.03125 0.037109375
0 0.453125 0.6708984375 0.041015625 0.04296875
0 0.8046875 0.6123046875 0.03515625 0.046875
0 0.5703125 0.7626953125 0.056640625 0.0859375
0 0.7822265625 0.6708984375 0.041015625 0.083984375
0 0.6787109375 0.46875 0.046875 0.064453125
0 0.8173828125 0.4814453125 0.046875 0.056640625
0 0.828125 0.5654296875 0.029296875 0.03515625
0 0.384765625 0.7021484375 0.048828125 0.041015625
0 0.3388671875 0.6396484375 0.060546875 0.0546875
0 0.5947265625 0.6904296875 0.05078125 0.048828125
0 0.4970703125 0.6962890625 0.0390625 0.046875
0 0.72265625 0.59375 0.033203125 0.033203125