0 0.396484375 0.611328125 0.029296875 0.037109375
0 0.4609375 0.5234375 0.04296875 0.06640625
0 0.314453125 0.494140625 0.02734375 0.033203125
0 0.576171875 0.669921875 0.03515625 0.04296875
0 0.203125 0.37109375 0.0390625 0.044921875
0 0.39453125 0.30859375 0.091796875 0.078125
0 0.396484375 0.4375 0.03515625 0.046875
0 0.490234375 0.15234375 0.0703125 0.056640625
0 0.056640625 0.21875 0.037109375 0.046875
0 0.4609375 0.62890625 0.021484375 0.0234375
0 0.53515625 0.82421875 0.029296875 0.0390625
0 0.794921875 0.63671875 0.03125 0.03125
0 0.33984375 0.654296875 0.029296875 0.044921875
0 0.60546875 0.203125 0.0390625 0.05859375
0 0.568359375 0.298828125 0.056640625 0.0859375
0 0.525390625 0.5859375 0.0234375 0.02734375
0 0.478515625 0.71875 0.02734375 0.037109375
0 0.2109375 0.28125 0.0390625 0.041015625
0 0.3984375 0.185546875 0.025390625 0.037109375
0 0.34375 0.142578125 0.03125 0.033203125
0 0.673828125 0.5234375 0.021484375 0.02734375
0 0.1953125 0.212890625 0.037109375 0.044921875
0 0.71484375 0.478515625 0.03515625 0.05078125
0 0.33984375 0.5703125 0.0234375 0.03515625
0 0.3828125 0.55078125 0.052734375 0.044921875
0 0.513671875 0.79296875 0.017578125 0.025390625
0 0.29296875 0.388671875 0.029296875 0.04296875
0 0.55859375 0.443359375 0.134765625 0.1015625
0 0.376953125 0.654296875 0.017578125 0.0234375
0 0.423828125 0.791015625 0.0234375 0.02734375
0 0.474609375 0.77734375 0.03125 0.03515625
0 0.388671875 0.2109375 0.0703125 0.09375
0 0.634765625 0.61328125 0.0703125 0.072265625
0 0.3203125 0.552734375 0.015625 0.025390625
0 0.443359375 0.353515625 0.029296875 0.044921875
0 0.740234375 0.626953125 0.13671875 0.09765625
0 0.650390625 0.81640625 0.01953125 0.033203125
0 0.48046875 0.341796875 0.021484375 0.025390625
0 0.673828125 0.3515625 0.029296875 0.041015625
0 0.51953125 0.416015625 0.052734375 0.05078125
0 0.525390625 0.740234375 0.03125 0.037109375
0 0.693359375 0.658203125 0.029296875 0.029296875
0 0.615234375 0.791015625 0.025390625 0.03125
0 0.2578125 0.560546875 0.0546875 0.060546875
0 0.345703125 0.759765625 0.04296875 0.0859375
0 0.67578125 0.7421875 0.072265625 0.078125
0 0.25 0.8203125 0.044921875 0.029296875
0 0.3125 0.8515625 0.029296875 0.044921875
0 0.369140625 0.83984375 0.013671875 0.025390625
0 0.43359375 0.8515625 0.044921875 0.04296875