0 0.62109375 0.671875 0.046875 0.0546875
0 0.4013671875 0.6494140625 0.02734375 0.029296875
0 0.4130859375 0.5302734375 0.04296875 0.05078125
0 0.6591796875 0.599609375 0.05859375 0.048828125
0 0.6962890625 0.6552734375 0.052734375 0.04296875
0 0.212890625 0.220703125 0.02734375 0.01953125
0 0.2763671875 0.646484375 0.033203125 0.037109375
0 0.6923828125 0.4775390625 0.029296875 0.02734375
0 0.3642578125 0.6884765625 0.048828125 0.056640625
0 0.3251953125 0.421875 0.060546875 0.072265625
0 0.2451171875 0.4208984375 0.05078125 0.07421875
0 0.361328125 0.5615234375 0.044921875 0.0625
0 0.2587890625 0.5849609375 0.060546875 0.05859375
0 0.7353515625 0.35546875 0.060546875 0.09375
0 0.658203125 0.265625 0.072265625 0.078125
0 0.7724609375 0.46875 0.0703125 0.095703125
0 0.7470703125 0.5810546875 0.076171875 0.056640625
0 0.3798828125 0.255859375 0.041015625 0.078125
0 0.3056640625 0.2880859375 0.064453125 0.091796875