0 0.732421875 0.17578125 0.12109375 0.095703125
0 0.529296875 0.154296875 0.08984375 0.060546875
0 0.013671875 0.3740234375 0.0234375 0.048828125
0 0.650390625 0.2568359375 0.060546875 0.091796875
0 0.2060546875 0.6630859375 0.11328125 0.080078125
0 0.103515625 0.3681640625 0.044921875 0.0390625
0 0.5234375 0.7421875 0.052734375 0.0625
0 0.1826171875 0.66796875 0.052734375 0.056640625
0 0.7041015625 0.7734375 0.078125 0.12109375
0 0.3388671875 0.1279296875 0.033203125 0.013671875
0 0.70703125 0.634765625 0.126953125 0.04296875
0 0.91796875 0.2705078125 0.052734375 0.052734375
0 0.3017578125 0.345703125 0.072265625 0.0625
0 0.14453125 0.408203125 0.02734375 0.033203125
0 0.0830078125 0.4599609375 0.046875 0.0546875
0 0.2216796875 0.4619140625 0.06640625 0.0546875
0 0.4072265625 0.67578125 0.08984375 0.0703125
0 0.404296875 0.7421875 0.056640625 0.05078125
0 0.51953125 0.810546875 0.05859375 0.041015625
0 0.6142578125 0.767578125 0.029296875 0.05078125
0 0.59765625 0.705078125 0.068359375 0.046875
0 0.8232421875 0.666015625 0.037109375 0.05078125
0 0.8291015625 0.759765625 0.02734375 0.044921875
0 0.61328125 0.634765625 0.044921875 0.04296875
0 0.544921875 0.2978515625 0.044921875 0.044921875
0 0.5712890625 0.2431640625 0.033203125 0.046875
0 0.3447265625 0.2353515625 0.03515625 0.099609375