0 0.94140625 0.5224609375 0.05078125 0.052734375
0 0.701171875 0.40234375 0.072265625 0.068359375
0 0.03125 0.5361328125 0.060546875 0.052734375
0 0.818359375 0.591796875 0.17578125 0.099609375
0 0.8134765625 0.6826171875 0.1328125 0.078125
0 0.95703125 0.6259765625 0.0859375 0.076171875
0 0.55859375 0.6767578125 0.11328125 0.1328125
0 0.3681640625 0.5302734375 0.162109375 0.158203125
0 0.486328125 0.3720703125 0.220703125 0.16015625
0 0.2314453125 0.4111328125 0.173828125 0.111328125
0 0.244140625 0.5751953125 0.083984375 0.068359375
0 0.70703125 0.2578125 0.09765625 0.09765625