0 0.6796875 0.474609375 0.04296875 0.046875
0 0.83984375 0.43359375 0.03125 0.04296875
0 0.81640625 0.65625 0.02734375 0.03125
0 0.892578125 0.271484375 0.03515625 0.037109375
0 0.681640625 0.654296875 0.029296875 0.025390625
0 0.173828125 0.50390625 0.05078125 0.041015625
0 0.572265625 0.23828125 0.03125 0.029296875
0 0.7421875 0.5625 0.025390625 0.025390625
0 0.380859375 0.650390625 0.048828125 0.0546875
0 0.716796875 0.759765625 0.0390625 0.0390625
0 0.580078125 0.28125 0.033203125 0.029296875
0 0.1953125 0.423828125 0.072265625 0.08203125
0 0.380859375 0.771484375 0.029296875 0.01953125
0 0.78125 0.474609375 0.033203125 0.02734375
0 0.255859375 0.572265625 0.03515625 0.025390625
0 0.294921875 0.236328125 0.046875 0.033203125
0 0.234375 0.2734375 0.076171875 0.05078125
0 0.8125 0.353515625 0.03125 0.02734375
0 0.63671875 0.23828125 0.052734375 0.037109375
0 0.412109375 0.234375 0.025390625 0.029296875
0 0.8671875 0.470703125 0.025390625 0.037109375
0 0.505859375 0.244140625 0.046875 0.02734375
0 0.45703125 0.2421875 0.03515625 0.03125
0 0.623046875 0.75390625 0.033203125 0.03125
0 0.728515625 0.51953125 0.025390625 0.021484375
0 0.41015625 0.29296875 0.0234375 0.0234375
0 0.814453125 0.609375 0.025390625 0.03125
0 0.18359375 0.54296875 0.03125 0.02734375
0 0.23828125 0.537109375 0.03515625 0.03515625
0 0.634765625 0.626953125 0.04296875 0.04296875
0 0.501953125 0.685546875 0.06640625 0.05078125
0 0.24609375 0.228515625 0.056640625 0.01953125
0 0.771484375 0.63671875 0.021484375 0.01953125
0 0.83203125 0.494140625 0.01953125 0.025390625
0 0.271484375 0.505859375 0.046875 0.03125
0 0.82421875 0.265625 0.0390625 0.0390625
0 0.24609375 0.35546875 0.05859375 0.0390625
0 0.3203125 0.28515625 0.041015625 0.0390625
0 0.3203125 0.6796875 0.03515625 0.083984375
0 0.322265625 0.755859375 0.041015625 0.05078125
0 0.19140625 0.619140625 0.041015625 0.087890625
0 0.70703125 0.701171875 0.056640625 0.03125
0 0.765625 0.685546875 0.05078125 0.048828125
0 0.74609375 0.40625 0.0546875 0.078125
0 0.646484375 0.28515625 0.025390625 0.033203125
0 0.64453125 0.33984375 0.037109375 0.0390625