0 0.677734375 0.40625 0.021484375 0.02734375
0 0.5703125 0.490234375 0.033203125 0.033203125
0 0.556640625 0.7578125 0.03515625 0.044921875
0 0.4296875 0.74609375 0.037109375 0.044921875
0 0.380859375 0.55078125 0.033203125 0.0390625
0 0.51171875 0.5234375 0.046875 0.0625
0 0.611328125 0.5625 0.060546875 0.044921875
0 0.681640625 0.55859375 0.03515625 0.04296875
0 0.416015625 0.431640625 0.03125 0.03515625
0 0.447265625 0.47265625 0.041015625 0.017578125
0 0.50390625 0.455078125 0.025390625 0.02734375
0 0.408203125 0.490234375 0.02734375 0.03515625
0 0.4609375 0.505859375 0.0234375 0.025390625
0 0.625 0.455078125 0.02734375 0.046875
0 0.37109375 0.2734375 0.025390625 0.046875
0 0.2578125 0.40625 0.0390625 0.041015625
0 0.244140625 0.45703125 0.041015625 0.044921875
0 0.28125 0.478515625 0.02734375 0.046875
0 0.484375 0.6953125 0.02734375 0.041015625
0 0.43359375 0.697265625 0.0625 0.041015625
0 0.4921875 0.734375 0.017578125 0.01953125