0 0.93359375 0.583984375 0.044921875 0.046875
0 0.712890625 0.431640625 0.064453125 0.060546875
0 0.03125 0.470703125 0.0546875 0.044921875
0 0.802734375 0.634765625 0.166015625 0.078125
0 0.78515625 0.724609375 0.125 0.060546875
0 0.947265625 0.69140625 0.1015625 0.0625
0 0.533203125 0.68359375 0.09765625 0.12109375
0 0.365234375 0.51171875 0.14453125 0.138671875
0 0.50390625 0.37109375 0.205078125 0.1328125
0 0.24609375 0.375 0.162109375 0.08984375
0 0.236328125 0.5390625 0.076171875 0.05859375
0 0.73828125 0.2890625 0.0859375 0.0859375