0 0.8896484375 0.63671875 0.15234375 0.130859375
0 0.8525390625 0.37109375 0.015625 0.013671875
0 0.8251953125 0.6376953125 0.01171875 0.01171875
0 0.568359375 0.6220703125 0.015625 0.015625
0 0.912109375 0.375 0.021484375 0.017578125
0 0.880859375 0.75390625 0.03125 0.02734375
0 0.33203125 0.681640625 0.107421875 0.08984375
0 0.7763671875 0.5712890625 0.0234375 0.01953125
0 0.6279296875 0.4287109375 0.021484375 0.01953125
0 0.63671875 0.6328125 0.05859375 0.041015625
0 0.4912109375 0.73046875 0.02734375 0.03125
0 0.6943359375 0.5341796875 0.033203125 0.029296875
0 0.7001953125 0.4404296875 0.021484375 0.021484375
0 0.5595703125 0.4501953125 0.08203125 0.0546875