0 0.7470703125 0.5458984375 0.0703125 0.064453125
0 0.7470703125 0.7119140625 0.0703125 0.07421875
0 0.97265625 0.4462890625 0.041015625 0.04296875
0 0.17578125 0.20703125 0.033203125 0.04296875
0 0.3388671875 0.64453125 0.0390625 0.05078125
0 0.18359375 0.5068359375 0.0625 0.076171875
0 0.80078125 0.6162109375 0.044921875 0.056640625
0 0.8798828125 0.583984375 0.064453125 0.08203125
0 0.4189453125 0.1806640625 0.068359375 0.03515625
0 0.7060546875 0.1943359375 0.09765625 0.046875
0 0.9033203125 0.306640625 0.076171875 0.080078125
0 0.2646484375 0.513671875 0.03515625 0.033203125
0 0.2666015625 0.583984375 0.05859375 0.048828125
0 0.5458984375 0.62890625 0.142578125 0.099609375
0 0.4013671875 0.5732421875 0.064453125 0.0625
0 0.349609375 0.265625 0.02734375 0.0390625
0 0.2421875 0.2705078125 0.037109375 0.056640625
0 0.669921875 0.283203125 0.05078125 0.052734375
0 0.3115234375 0.7568359375 0.080078125 0.052734375
0 0.19140625 0.3779296875 0.0390625 0.033203125