0 0.890625 0.765625 0.064453125 0.060546875
0 0.560546875 0.75 0.060546875 0.07421875
0 0.361328125 0.33984375 0.0390625 0.044921875
0 0.3515625 0.26953125 0.03515625 0.0390625
0 0.791015625 0.30859375 0.072265625 0.05859375
0 0.267578125 0.359375 0.0625 0.09375
0 0.396484375 0.73046875 0.03515625 0.044921875
0 0.255859375 0.4609375 0.064453125 0.06640625
0 0.279296875 0.37109375 0.048828125 0.064453125
0 0.009765625 0.3984375 0.01953125 0.05078125
0 0.310546875 0.650390625 0.048828125 0.064453125