0 0.224609375 0.7578125 0.07421875 0.076171875
0 0.638671875 0.517578125 0.046875 0.056640625
0 0.67578125 0.630859375 0.0703125 0.05078125
0 0.388671875 0.509765625 0.03515625 0.04296875
0 0.556640625 0.689453125 0.041015625 0.05078125
0 0.49609375 0.41796875 0.041015625 0.060546875
0 0.5390625 0.57421875 0.046875 0.0546875
0 0.451171875 0.623046875 0.05859375 0.044921875
0 0.021484375 0.80859375 0.033203125 0.05078125
0 0.59375 0.6328125 0.03515625 0.05078125
0 0.283203125 0.236328125 0.029296875 0.03515625