0 0.7734375 0.72265625 0.025390625 0.02734375
0 0.08203125 0.494140625 0.0390625 0.03125
0 0.150390625 0.65625 0.0390625 0.04296875
0 0.01171875 0.416015625 0.0234375 0.044921875
0 0.720703125 0.52734375 0.029296875 0.03125
0 0.345703125 0.40625 0.0234375 0.017578125
0 0.404296875 0.521484375 0.025390625 0.025390625
0 0.646484375 0.740234375 0.021484375 0.017578125
0 0.3359375 0.373046875 0.033203125 0.0234375
0 0.90625 0.54296875 0.109375 0.27734375
0 0.205078125 0.4765625 0.09375 0.201171875
0 0.056640625 0.5703125 0.044921875 0.05859375
0 0.0859375 0.353515625 0.060546875 0.08203125
0 0.2265625 0.646484375 0.046875 0.10546875
0 0.314453125 0.4609375 0.060546875 0.0390625