0 0.673828125 0.271484375 0.044921875 0.07421875
0 0.724609375 0.52734375 0.056640625 0.087890625
0 0.5390625 0.54296875 0.041015625 0.05859375
0 0.3125 0.6083984375 0.05859375 0.08203125
0 0.3291015625 0.240234375 0.115234375 0.13671875
0 0.5810546875 0.162109375 0.044921875 0.0625
0 0.748046875 0.8056640625 0.03515625 0.05859375
0 0.2529296875 0.5927734375 0.0390625 0.0625
0 0.3251953125 0.8583984375 0.033203125 0.06640625
0 0.533203125 0.9765625 0.0390625 0.046875
0 0.814453125 0.4482421875 0.05078125 0.15234375
0 0.408203125 0.341796875 0.04296875 0.06640625
0 0.294921875 0.6748046875 0.03125 0.05078125
0 0.4345703125 0.1748046875 0.05859375 0.08984375
0 0.4697265625 0.3154296875 0.0546875 0.068359375
0 0.576171875 0.2568359375 0.0703125 0.0859375
0 0.525390625 0.12890625 0.044921875 0.056640625
0 0.6943359375 0.64453125 0.091796875 0.091796875