0 0.119140625 0.3134765625 0.0390625 0.041015625
0 0.8154296875 0.4599609375 0.03515625 0.03125
0 0.1142578125 0.3701171875 0.0390625 0.041015625
0 0.3125 0.388671875 0.048828125 0.052734375
0 0.2109375 0.4345703125 0.03515625 0.044921875
0 0.1171875 0.216796875 0.01953125 0.0234375
0 0.4228515625 0.6181640625 0.103515625 0.1015625
0 0.248046875 0.181640625 0.029296875 0.03515625
0 0.4599609375 0.1865234375 0.02734375 0.025390625
0 0.611328125 0.19921875 0.029296875 0.03125
0 0.119140625 0.2724609375 0.021484375 0.025390625
0 0.8447265625 0.5634765625 0.021484375 0.021484375
0 0.4375 0.4013671875 0.19921875 0.26171875
0 0.6083984375 0.5 0.044921875 0.052734375
0 0.2373046875 0.5048828125 0.05078125 0.0390625
0 0.7685546875 0.4091796875 0.052734375 0.052734375
0 0.1240234375 0.5302734375 0.01953125 0.025390625
0 0.2451171875 0.42578125 0.03125 0.03125
0 0.8232421875 0.6435546875 0.02734375 0.029296875
0 0.7431640625 0.6162109375 0.02734375 0.03125
0 0.783203125 0.5009765625 0.07421875 0.044921875
0 0.6640625 0.4296875 0.029296875 0.044921875
0 0.1640625 0.52734375 0.056640625 0.078125