0 0.462890625 0.560546875 0.05859375 0.07421875
0 0.31640625 0.625 0.046875 0.05859375
0 0.501953125 0.630859375 0.044921875 0.05859375
0 0.349609375 0.1953125 0.0390625 0.041015625
0 0.4453125 0.783203125 0.052734375 0.05078125
0 0.544921875 0.451171875 0.046875 0.0546875
0 0.388671875 0.697265625 0.0390625 0.033203125
0 0.30078125 0.345703125 0.041015625 0.052734375
0 0.8125 0.7265625 0.05859375 0.068359375
0 0.41796875 0.423828125 0.099609375 0.05859375
0 0.671875 0.310546875 0.0546875 0.044921875
0 0.65234375 0.4375 0.052734375 0.041015625