0 0.3544921875 0.69140625 0.033203125 0.052734375
0 0.373046875 0.828125 0.017578125 0.037109375
0 0.6728515625 0.705078125 0.037109375 0.046875
0 0.494140625 0.5810546875 0.083984375 0.111328125
0 0.701171875 0.599609375 0.0546875 0.10546875
0 0.3564453125 0.26171875 0.060546875 0.0625
0 0.5078125 0.35546875 0.041015625 0.04296875
0 0.6025390625 0.375 0.052734375 0.05078125
0 0.625 0.5908203125 0.072265625 0.0625
0 0.3291015625 0.580078125 0.03125 0.048828125
0 0.4189453125 0.6123046875 0.068359375 0.0546875
0 0.5595703125 0.8701171875 0.158203125 0.0625
0 0.607421875 0.2724609375 0.048828125 0.052734375
0 0.4775390625 0.2666015625 0.048828125 0.0625