0 0.732421875 0.68359375 0.03125 0.08203125
0 0.572265625 0.6796875 0.0390625 0.078125
0 0.501953125 0.58203125 0.04296875 0.107421875
0 0.771484375 0.7578125 0.060546875 0.109375
0 0.294921875 0.587890625 0.03515625 0.052734375
0 0.47265625 0.708984375 0.03125 0.0390625
0 0.796875 0.634765625 0.033203125 0.0546875
0 0.685546875 0.591796875 0.04296875 0.076171875
0 0.818359375 0.84765625 0.02734375 0.07421875
0 0.443359375 0.5859375 0.04296875 0.11328125
0 0.4453125 0.388671875 0.138671875 0.033203125
0 0.361328125 0.73828125 0.119140625 0.099609375