0 0.337890625 0.953125 0.029296875 0.04296875
0 0.6357421875 0.9638671875 0.021484375 0.029296875
0 0.6630859375 0.197265625 0.052734375 0.095703125
0 0.6630859375 0.921875 0.03515625 0.05859375
0 0.572265625 0.72265625 0.021484375 0.041015625
0 0.611328125 0.109375 0.029296875 0.044921875
0 0.220703125 0.228515625 0.033203125 0.03125
0 0.5224609375 0.0322265625 0.02734375 0.03125
0 0.7412109375 0.2001953125 0.01953125 0.03515625
0 0.244140625 0.6728515625 0.0234375 0.0390625
0 0.1787109375 0.4775390625 0.025390625 0.046875
0 0.1767578125 0.53515625 0.02734375 0.05078125
0 0.7705078125 0.69921875 0.0390625 0.107421875