0 0.8056640625 0.091796875 0.046875 0.080078125
0 0.765625 0.41796875 0.0546875 0.115234375
0 0.51171875 0.580078125 0.046875 0.103515625
0 0.2509765625 0.1953125 0.041015625 0.083984375
0 0.7705078125 0.1337890625 0.119140625 0.212890625
0 0.5732421875 0.96875 0.060546875 0.0625
0 0.62109375 0.4365234375 0.09765625 0.130859375
0 0.6533203125 0.5927734375 0.115234375 0.12890625
0 0.349609375 0.2724609375 0.1015625 0.095703125
0 0.5888671875 0.236328125 0.181640625 0.119140625
0 0.345703125 0.3837890625 0.130859375 0.07421875