0 0.673828125 0.263671875 0.03515625 0.046875
0 0.52734375 0.4296875 0.041015625 0.068359375
0 0.2529296875 0.6025390625 0.033203125 0.0625
0 0.328125 0.2744140625 0.021484375 0.033203125
0 0.46484375 0.2060546875 0.0546875 0.060546875
0 0.3828125 0.8408203125 0.017578125 0.03515625
0 0.3759765625 0.25390625 0.03125 0.041015625
0 0.412109375 0.8681640625 0.0234375 0.03515625
0 0.2666015625 0.3046875 0.029296875 0.046875
0 0.466796875 0.2451171875 0.046875 0.033203125
0 0.7529296875 0.392578125 0.025390625 0.06640625
0 0.5029296875 0.291015625 0.041015625 0.041015625
0 0.5322265625 0.21875 0.068359375 0.046875
0 0.5703125 0.33984375 0.037109375 0.05078125
0 0.38671875 0.353515625 0.072265625 0.041015625
0 0.4248046875 0.623046875 0.078125 0.076171875
0 0.265625 0.6923828125 0.037109375 0.0546875
0 0.3681640625 0.7119140625 0.03515625 0.052734375
0 0.3310546875 0.6298828125 0.04296875 0.052734375
0 0.4892578125 0.8505859375 0.025390625 0.041015625
0 0.658203125 0.64453125 0.046875 0.03515625
0 0.6083984375 0.5859375 0.048828125 0.048828125
0 0.509765625 0.580078125 0.064453125 0.0625
0 0.7177734375 0.583984375 0.03515625 0.037109375
0 0.7119140625 0.6669921875 0.046875 0.080078125