0 0.2373046875 0.56640625 0.046875 0.07421875
0 0.7890625 0.6767578125 0.02734375 0.048828125
0 0.66015625 0.8564453125 0.03125 0.046875
0 0.615234375 0.6494140625 0.02734375 0.046875
0 0.46875 0.26171875 0.03125 0.048828125
0 0.7939453125 0.7548828125 0.044921875 0.083984375
0 0.6669921875 0.9287109375 0.02734375 0.033203125
0 0.806640625 0.6064453125 0.02734375 0.05078125
0 0.2255859375 0.7080078125 0.078125 0.2109375
0 0.7861328125 0.79296875 0.01953125 0.03125
0 0.1494140625 0.2216796875 0.0546875 0.140625
0 0.3193359375 0.6630859375 0.08984375 0.185546875
0 0.76171875 0.578125 0.03125 0.048828125
0 0.759765625 0.8994140625 0.017578125 0.03125
0 0.4248046875 0.7119140625 0.02734375 0.041015625
0 0.66015625 0.587890625 0.048828125 0.0703125
0 0.1591796875 0.3623046875 0.033203125 0.107421875
0 0.423828125 0.26953125 0.029296875 0.044921875
0 0.6162109375 0.70703125 0.0234375 0.029296875
0 0.76953125 0.7890625 0.021484375 0.03125
0 0.4853515625 0.91796875 0.072265625 0.078125
0 0.701171875 0.3017578125 0.080078125 0.0703125
0 0.583984375 0.466796875 0.044921875 0.04296875
0 0.4140625 0.494140625 0.0546875 0.052734375
0 0.3779296875 0.6259765625 0.041015625 0.080078125
0 0.72265625 0.5 0.05859375 0.05859375
0 0.642578125 0.51953125 0.07421875 0.0703125