0 0.3701171875 0.6826171875 0.0625 0.064453125
0 0.3359375 0.298828125 0.037109375 0.037109375
0 0.8515625 0.3974609375 0.052734375 0.05078125
0 0.486328125 0.5595703125 0.064453125 0.0703125
0 0.642578125 0.6962890625 0.02734375 0.029296875
0 0.3525390625 0.4560546875 0.052734375 0.05078125
0 0.236328125 0.5966796875 0.05859375 0.060546875
0 0.7666015625 0.837890625 0.044921875 0.021484375
0 0.7880859375 0.5029296875 0.0390625 0.04296875
0 0.4873046875 0.4013671875 0.119140625 0.0703125
0 0.287109375 0.353515625 0.0625 0.044921875
0 0.6240234375 0.6083984375 0.150390625 0.103515625
0 0.578125 0.47265625 0.115234375 0.07421875
0 0.37890625 0.5498046875 0.05859375 0.09765625
0 0.552734375 0.697265625 0.0703125 0.0546875
0 0.4736328125 0.62890625 0.09765625 0.05078125
0 0.255859375 0.4375 0.052734375 0.076171875