0 0.56640625 0.44140625 0.0546875 0.083984375
0 0.666015625 0.435546875 0.052734375 0.068359375
0 0.3515625 0.392578125 0.0390625 0.07421875
0 0.53515625 0.5703125 0.046875 0.080078125
0 0.794921875 0.63671875 0.0390625 0.072265625
0 0.6171875 0.5703125 0.068359375 0.08984375
0 0.427734375 0.548828125 0.041015625 0.0546875
0 0.60546875 0.669921875 0.037109375 0.068359375
0 0.310546875 0.06640625 0.078125 0.130859375
0 0.599609375 0.82421875 0.025390625 0.037109375
0 0.71484375 0.60546875 0.0390625 0.06640625
0 0.673828125 0.75390625 0.025390625 0.046875
0 0.486328125 0.640625 0.0234375 0.041015625
0 0.275390625 0.2734375 0.02734375 0.080078125
0 0.3671875 0.19921875 0.076171875 0.109375
0 0.365234375 0.46875 0.02734375 0.04296875
0 0.662109375 0.630859375 0.021484375 0.033203125
0 0.638671875 0.740234375 0.025390625 0.044921875
0 0.6484375 0.6796875 0.0234375 0.0390625
0 0.62890625 0.474609375 0.025390625 0.033203125
0 0.236328125 0.658203125 0.0625 0.123046875
0 0.7578125 0.54296875 0.04296875 0.052734375
0 0.74609375 0.263671875 0.060546875 0.107421875
0 0.412109375 0.8515625 0.029296875 0.03125
0 0.447265625 0.392578125 0.0703125 0.076171875
0 0.486328125 0.470703125 0.041015625 0.033203125
0 0.44921875 0.9296875 0.142578125 0.07421875
0 0.599609375 0.900390625 0.08984375 0.091796875
0 0.525390625 0.74609375 0.115234375 0.080078125
0 0.43359375 0.625 0.064453125 0.04296875