0 0.7109375 0.275390625 0.03515625 0.072265625
0 0.64453125 0.15234375 0.0390625 0.0625
0 0.69921875 0.80078125 0.02734375 0.0703125
0 0.75390625 0.572265625 0.02734375 0.060546875
0 0.533203125 0.521484375 0.02734375 0.046875
0 0.26953125 0.77734375 0.01953125 0.060546875
0 0.67578125 0.625 0.05859375 0.185546875
0 0.251953125 0.515625 0.021484375 0.041015625
0 0.603515625 0.2421875 0.044921875 0.068359375
0 0.4375 0.306640625 0.01953125 0.046875
0 0.7265625 0.541015625 0.03125 0.048828125
0 0.498046875 0.154296875 0.044921875 0.068359375
0 0.36328125 0.2109375 0.068359375 0.15234375
0 0.556640625 0.416015625 0.0234375 0.044921875
0 0.46875 0.486328125 0.0234375 0.078125
0 0.509765625 0.318359375 0.037109375 0.13671875
0 0.3515625 0.533203125 0.103515625 0.07421875