0 0.908203125 0.69140625 0.0390625 0.087890625
0 0.544921875 0.263671875 0.041015625 0.091796875
0 0.34765625 0.83984375 0.044921875 0.0859375
0 0.791015625 0.021484375 0.046875 0.041015625
0 0.16015625 0.34375 0.033203125 0.095703125
0 0.2109375 0.015625 0.033203125 0.03125
0 0.208984375 0.552734375 0.03125 0.0390625
0 0.208984375 0.6015625 0.04296875 0.115234375
0 0.150390625 0.58203125 0.02734375 0.05078125
0 0.7421875 0.705078125 0.0234375 0.044921875
0 0.4921875 0.435546875 0.041015625 0.06640625