0 0.4609375 0.63671875 0.044921875 0.0703125
0 0.654296875 0.6171875 0.056640625 0.072265625
0 0.58203125 0.466796875 0.048828125 0.056640625
0 0.396484375 0.419921875 0.04296875 0.060546875
0 0.369140625 0.271484375 0.060546875 0.056640625
0 0.798828125 0.451171875 0.11328125 0.142578125
0 0.361328125 0.59375 0.080078125 0.09765625
0 0.2421875 0.447265625 0.029296875 0.033203125
0 0.240234375 0.4921875 0.03125 0.029296875
0 0.6484375 0.404296875 0.06640625 0.078125
0 0.53515625 0.712890625 0.056640625 0.056640625
0 0.76171875 0.421875 0.04296875 0.0546875
0 0.2265625 0.60546875 0.0390625 0.056640625
0 0.115234375 0.78125 0.05859375 0.0859375