0 0.787109375 0.498046875 0.04296875 0.048828125
0 0.1513671875 0.513671875 0.041015625 0.037109375
0 0.876953125 0.4140625 0.03125 0.03515625
0 0.7705078125 0.5595703125 0.0390625 0.041015625
0 0.6875 0.443359375 0.0390625 0.0390625
0 0.8515625 0.4765625 0.033203125 0.029296875
0 0.6962890625 0.53125 0.0703125 0.0703125
0 0.830078125 0.5791015625 0.056640625 0.060546875
0 0.8896484375 0.2578125 0.021484375 0.0234375
0 0.884765625 0.3623046875 0.03515625 0.03515625
0 0.822265625 0.484375 0.02734375 0.029296875
0 0.20703125 0.45703125 0.05078125 0.0546875
0 0.537109375 0.4619140625 0.072265625 0.064453125
0 0.16796875 0.6669921875 0.037109375 0.03515625
0 0.1201171875 0.625 0.033203125 0.044921875
0 0.3037109375 0.474609375 0.056640625 0.0546875
0 0.3349609375 0.5966796875 0.02734375 0.03125
0 0.1865234375 0.560546875 0.072265625 0.052734375
0 0.25 0.62890625 0.03125 0.041015625
0 0.4150390625 0.7685546875 0.0390625 0.025390625
0 0.55859375 0.71875 0.03515625 0.03515625