0 0.462890625 0.3173828125 0.0390625 0.05859375
0 0.3984375 0.83984375 0.04296875 0.078125
0 0.6669921875 0.81640625 0.041015625 0.076171875
0 0.5498046875 0.9150390625 0.09765625 0.107421875
0 0.5751953125 0.4599609375 0.08203125 0.19140625
0 0.7333984375 0.748046875 0.046875 0.064453125
0 0.6669921875 0.5478515625 0.076171875 0.06640625
0 0.3916015625 0.55859375 0.068359375 0.091796875
0 0.3642578125 0.6513671875 0.052734375 0.072265625
0 0.4228515625 0.69921875 0.0625 0.080078125
0 0.6923828125 0.6572265625 0.1171875 0.09375
0 0.525390625 0.615234375 0.060546875 0.068359375
0 0.337890625 0.890625 0.0390625 0.05859375
0 0.3623046875 0.7451171875 0.048828125 0.064453125
0 0.30859375 0.64453125 0.052734375 0.072265625
0 0.4755859375 0.96484375 0.0625 0.0625
0 0.515625 0.248046875 0.04296875 0.08203125
0 0.486328125 0.146484375 0.029296875 0.048828125