0 0.185546875 0.681640625 0.02734375 0.0703125
0 0.234375 0.69140625 0.01953125 0.048828125
0 0.51171875 0.134765625 0.056640625 0.060546875
0 0.771484375 0.708984375 0.046875 0.08203125
0 0.26171875 0.29296875 0.025390625 0.033203125
0 0.560546875 0.263671875 0.017578125 0.03515625
0 0.330078125 0.099609375 0.0390625 0.05078125
0 0.62890625 0.21875 0.060546875 0.0859375
0 0.3125 0.5625 0.078125 0.0625
0 0.583984375 0.38671875 0.021484375 0.044921875
0 0.548828125 0.2890625 0.041015625 0.095703125
0 0.685546875 0.71875 0.021484375 0.056640625
0 0.451171875 0.302734375 0.1015625 0.1171875
0 0.517578125 0.1953125 0.076171875 0.0390625
0 0.708984375 0.615234375 0.158203125 0.078125
0 0.3203125 0.638671875 0.185546875 0.03125
0 0.302734375 0.18359375 0.080078125 0.05078125