0 0.5625 0.447265625 0.08203125 0.1015625
0 0.66015625 0.73828125 0.123046875 0.244140625
0 0.3662109375 0.9111328125 0.0234375 0.041015625
0 0.279296875 0.5146484375 0.02734375 0.041015625
0 0.6982421875 0.4794921875 0.0625 0.09765625
0 0.701171875 0.5966796875 0.05859375 0.076171875
0 0.3955078125 0.248046875 0.134765625 0.09375
0 0.58203125 0.2265625 0.05078125 0.056640625
0 0.6416015625 0.306640625 0.0859375 0.08203125
0 0.3828125 0.580078125 0.09765625 0.078125
0 0.25 0.76953125 0.1015625 0.126953125
0 0.41796875 0.6953125 0.044921875 0.076171875
0 0.568359375 0.71875 0.041015625 0.0390625
0 0.4755859375 0.380859375 0.07421875 0.0859375
0 0.509765625 0.2734375 0.044921875 0.056640625