0 0.552734375 0.3056640625 0.04296875 0.072265625
0 0.5625 0.7314453125 0.048828125 0.078125
0 0.7548828125 0.8349609375 0.205078125 0.271484375
0 0.587890625 0.5830078125 0.03515625 0.04296875
0 0.4951171875 0.98046875 0.037109375 0.0390625
0 0.4287109375 0.4853515625 0.025390625 0.044921875
0 0.6064453125 0.9482421875 0.119140625 0.08984375
0 0.4794921875 0.384765625 0.048828125 0.0546875
0 0.5068359375 0.453125 0.05859375 0.064453125
0 0.4228515625 0.5400390625 0.04296875 0.033203125
0 0.6513671875 0.54296875 0.078125 0.107421875
0 0.57421875 0.4921875 0.0234375 0.02734375
0 0.3505859375 0.5830078125 0.02734375 0.044921875