0 0.2333984375 0.3408203125 0.037109375 0.0390625
0 0.154296875 0.369140625 0.03515625 0.025390625
0 0.208984375 0.2744140625 0.033203125 0.025390625
0 0.5869140625 0.546875 0.037109375 0.048828125
0 0.546875 0.2919921875 0.0234375 0.017578125
0 0.490234375 0.615234375 0.033203125 0.04296875
0 0.6455078125 0.5732421875 0.02734375 0.033203125
0 0.3623046875 0.33984375 0.02734375 0.021484375
0 0.8388671875 0.42578125 0.0390625 0.056640625
0 0.3505859375 0.4658203125 0.03125 0.03125
0 0.73046875 0.18359375 0.037109375 0.029296875
0 0.603515625 0.615234375 0.03125 0.048828125
0 0.3369140625 0.6884765625 0.041015625 0.05078125
0 0.5439453125 0.5595703125 0.041015625 0.0546875
0 0.5869140625 0.458984375 0.123046875 0.07421875
0 0.4248046875 0.5712890625 0.0546875 0.056640625
0 0.125 0.2587890625 0.046875 0.052734375