0 0.41796875 0.31640625 0.033203125 0.068359375
0 0.474609375 0.73828125 0.037109375 0.072265625
0 0.30078125 0.87109375 0.16796875 0.248046875
0 0.42578125 0.595703125 0.029296875 0.0390625
0 0.580078125 0.978515625 0.03125 0.04296875
0 0.568359375 0.474609375 0.01953125 0.04296875
0 0.46484375 0.958984375 0.109375 0.07421875
0 0.501953125 0.3828125 0.041015625 0.048828125
0 0.486328125 0.455078125 0.05078125 0.056640625
0 0.58203125 0.52734375 0.0390625 0.02734375
0 0.357421875 0.56640625 0.0625 0.099609375
0 0.42578125 0.50390625 0.01953125 0.025390625
0 0.66015625 0.55859375 0.021484375 0.04296875