0 0.326171875 0.3564453125 0.03515625 0.048828125
0 0.330078125 0.66796875 0.033203125 0.052734375
0 0.65234375 0.3046875 0.02734375 0.041015625
0 0.435546875 0.408203125 0.02734375 0.03515625
0 0.6572265625 0.6630859375 0.09375 0.115234375
0 0.4990234375 0.4765625 0.04296875 0.0625
0 0.4609375 0.2802734375 0.07421875 0.06640625
0 0.4912109375 0.33984375 0.0390625 0.0390625
0 0.541015625 0.4091796875 0.05859375 0.06640625
0 0.6044921875 0.384765625 0.033203125 0.03515625
0 0.521484375 0.3037109375 0.033203125 0.046875
0 0.5263671875 0.255859375 0.05859375 0.05859375
0 0.607421875 0.2998046875 0.044921875 0.052734375
0 0.375 0.3955078125 0.046875 0.0625
0 0.37109375 0.7646484375 0.072265625 0.103515625
0 0.412109375 0.7060546875 0.029296875 0.056640625
0 0.451171875 0.642578125 0.04296875 0.05078125
0 0.765625 0.6376953125 0.08984375 0.138671875
0 0.5322265625 0.8857421875 0.0625 0.0546875
0 0.595703125 0.873046875 0.033203125 0.0390625
0 0.673828125 0.8818359375 0.046875 0.056640625
0 0.6884765625 0.830078125 0.05859375 0.044921875
0 0.521484375 0.611328125 0.064453125 0.048828125