0 0.7802734375 0.544921875 0.021484375 0.037109375
0 0.580078125 0.8564453125 0.02734375 0.03515625
0 0.3603515625 0.1064453125 0.08203125 0.10546875
0 0.48828125 0.5400390625 0.068359375 0.083984375
0 0.7802734375 0.2978515625 0.02734375 0.041015625
0 0.3271484375 0.0869140625 0.02734375 0.041015625
0 0.7958984375 0.6533203125 0.0703125 0.169921875
0 0.513671875 0.0732421875 0.06640625 0.10546875
0 0.6103515625 0.6630859375 0.04296875 0.07421875
0 0.6708984375 0.6142578125 0.0625 0.111328125
0 0.623046875 0.58203125 0.046875 0.068359375
0 0.5927734375 0.87109375 0.021484375 0.0390625
0 0.6298828125 0.21875 0.083984375 0.10546875
0 0.5009765625 0.189453125 0.080078125 0.080078125
0 0.408203125 0.2353515625 0.0703125 0.09765625
0 0.685546875 0.7568359375 0.0859375 0.13671875
0 0.6123046875 0.7392578125 0.0703125 0.0859375
0 0.56640625 0.638671875 0.037109375 0.0859375
0 0.326171875 0.529296875 0.115234375 0.13671875