0 0.2578125 0.62109375 0.037109375 0.056640625
0 0.56640625 0.63671875 0.044921875 0.056640625
0 0.556640625 0.81640625 0.029296875 0.02734375
0 0.060546875 0.548828125 0.046875 0.064453125
0 0.32421875 0.568359375 0.0390625 0.0390625
0 0.296875 0.1796875 0.04296875 0.025390625
0 0.119140625 0.455078125 0.046875 0.05859375
0 0.55859375 0.171875 0.033203125 0.01171875
0 0.017578125 0.6015625 0.03515625 0.05078125
0 0.7734375 0.1875 0.06640625 0.044921875
0 0.5390625 0.513671875 0.08203125 0.07421875
0 0.333984375 0.431640625 0.04296875 0.048828125