0 0.521484375 0.314453125 0.03515625 0.056640625
0 0.630859375 0.830078125 0.037109375 0.07421875
0 0.361328125 0.830078125 0.03515625 0.07421875
0 0.486328125 0.91796875 0.08984375 0.099609375
0 0.421875 0.466796875 0.06640625 0.185546875
0 0.2890625 0.767578125 0.041015625 0.060546875
0 0.337890625 0.5625 0.0703125 0.060546875
0 0.61328125 0.548828125 0.060546875 0.0859375
0 0.6484375 0.638671875 0.046875 0.068359375
0 0.59375 0.69140625 0.056640625 0.076171875
0 0.322265625 0.673828125 0.109375 0.083984375
0 0.484375 0.6171875 0.0546875 0.064453125
0 0.6953125 0.875 0.03515625 0.056640625
0 0.658203125 0.732421875 0.04296875 0.060546875
0 0.703125 0.626953125 0.046875 0.068359375
0 0.564453125 0.9609375 0.05859375 0.056640625
0 0.462890625 0.25 0.037109375 0.078125
0 0.482421875 0.146484375 0.025390625 0.046875