0 0.408203125 0.4404296875 0.060546875 0.0703125
0 0.2880859375 0.7138671875 0.072265625 0.142578125
0 0.1337890625 0.298828125 0.046875 0.119140625
0 0.634765625 0.6787109375 0.029296875 0.0390625
0 0.7001953125 0.6015625 0.04296875 0.078125
0 0.111328125 0.150390625 0.0546875 0.10546875
0 0.4716796875 0.955078125 0.05078125 0.08984375
0 0.259765625 0.048828125 0.076171875 0.0390625
0 0.75390625 0.5244140625 0.08984375 0.201171875
0 0.193359375 0.619140625 0.072265625 0.20703125
0 0.3896484375 0.9658203125 0.025390625 0.03515625
0 0.5498046875 0.9716796875 0.056640625 0.056640625
0 0.400390625 0.916015625 0.052734375 0.08203125
0 0.45703125 0.5732421875 0.064453125 0.1015625
0 0.5419921875 0.3994140625 0.130859375 0.10546875
0 0.521484375 0.6533203125 0.107421875 0.064453125
0 0.6357421875 0.60546875 0.072265625 0.087890625
0 0.6728515625 0.3310546875 0.060546875 0.107421875