0 0.3232421875 0.7119140625 0.05078125 0.060546875
0 0.279296875 0.2587890625 0.03125 0.033203125
0 0.1728515625 0.3505859375 0.04296875 0.046875
0 0.0517578125 0.2578125 0.103515625 0.10546875
0 0.54296875 0.4658203125 0.03515625 0.037109375
0 0.1142578125 0.2138671875 0.0390625 0.01953125
0 0.13671875 0.33984375 0.037109375 0.0546875
0 0.2705078125 0.6572265625 0.0390625 0.048828125
0 0.0341796875 0.2197265625 0.068359375 0.025390625
0 0.3310546875 0.4609375 0.0703125 0.041015625
0 0.3583984375 0.6611328125 0.03125 0.0390625
0 0.4130859375 0.462890625 0.0390625 0.041015625