0 0.552734375 0.4375 0.06640625 0.091796875
0 0.69921875 0.70703125 0.083984375 0.232421875
0 0.439453125 0.927734375 0.017578125 0.0390625
0 0.28515625 0.552734375 0.021484375 0.037109375
0 0.69140625 0.4453125 0.046875 0.091796875
0 0.71484375 0.560546875 0.046875 0.068359375
0 0.353515625 0.26953125 0.123046875 0.07421875
0 0.533203125 0.216796875 0.04296875 0.05078125
0 0.60546875 0.28515625 0.07421875 0.0703125
0 0.3984375 0.599609375 0.087890625 0.064453125
0 0.30078125 0.80859375 0.08203125 0.115234375
0 0.453125 0.70703125 0.033203125 0.072265625
0 0.60546875 0.703125 0.03515625 0.033203125
0 0.455078125 0.38671875 0.0625 0.076171875
0 0.470703125 0.275390625 0.037109375 0.05078125