0 0.900390625 0.361328125 0.03515625 0.037109375
0 0.19140625 0.421875 0.03125 0.02734375
0 0.8984375 0.41796875 0.03515625 0.037109375
0 0.69921875 0.412109375 0.04296875 0.048828125
0 0.794921875 0.470703125 0.03125 0.041015625
0 0.9140625 0.265625 0.017578125 0.021484375
0 0.5625 0.626953125 0.09375 0.08984375
0 0.7890625 0.21484375 0.025390625 0.033203125
0 0.578125 0.193359375 0.025390625 0.0234375
0 0.42578125 0.1875 0.025390625 0.029296875
0 0.90625 0.3203125 0.01953125 0.0234375
0 0.150390625 0.521484375 0.01953125 0.01953125
0 0.57421875 0.41015625 0.171875 0.2421875
0 0.392578125 0.486328125 0.0390625 0.048828125
0 0.759765625 0.537109375 0.046875 0.033203125
0 0.244140625 0.376953125 0.046875 0.046875
0 0.869140625 0.576171875 0.017578125 0.0234375
0 0.76171875 0.45703125 0.02734375 0.02734375
0 0.162109375 0.603515625 0.0234375 0.02734375
0 0.244140625 0.5859375 0.0234375 0.029296875
0 0.21875 0.466796875 0.0703125 0.037109375
0 0.345703125 0.41015625 0.0234375 0.04296875
0 0.830078125 0.568359375 0.048828125 0.072265625