0 0.6640625 0.794921875 0.046875 0.07421875
0 0.380859375 0.8291015625 0.0625 0.08984375
0 0.525390625 0.900390625 0.0859375 0.103515625
0 0.2900390625 0.6357421875 0.095703125 0.20703125
0 0.4853515625 0.283203125 0.04296875 0.0546875
0 0.6630859375 0.59765625 0.048828125 0.056640625
0 0.6396484375 0.677734375 0.10546875 0.05078125
0 0.5986328125 0.6279296875 0.048828125 0.060546875
0 0.6162109375 0.9345703125 0.07421875 0.072265625
0 0.7275390625 0.83203125 0.044921875 0.04296875
0 0.4775390625 0.4619140625 0.0234375 0.029296875
0 0.37890625 0.5263671875 0.064453125 0.111328125