0 0.322265625 0.947265625 0.02734375 0.04296875
0 0.619140625 0.96875 0.01953125 0.029296875
0 0.673828125 0.203125 0.048828125 0.09375
0 0.6484375 0.927734375 0.033203125 0.056640625
0 0.564453125 0.724609375 0.01953125 0.041015625
0 0.625 0.11328125 0.02734375 0.044921875
0 0.23046875 0.21875 0.03125 0.029296875
0 0.5390625 0.033203125 0.025390625 0.03125
0 0.751953125 0.208984375 0.017578125 0.03515625
0 0.23828125 0.6640625 0.021484375 0.0390625
0 0.1796875 0.466796875 0.0234375 0.046875
0 0.17578125 0.5234375 0.025390625 0.05078125
0 0.763671875 0.708984375 0.03515625 0.10546875