0 0.869140625 0.55859375 0.029296875 0.02734375
0 0.88671875 0.50390625 0.03125 0.029296875
0 0.845703125 0.443359375 0.0390625 0.041015625
0 0.927734375 0.47265625 0.0234375 0.01953125
0 0.1875 0.44140625 0.03125 0.03515625
0 0.63671875 0.384765625 0.021484375 0.01953125
0 0.39453125 0.474609375 0.044921875 0.048828125
0 0.755859375 0.396484375 0.037109375 0.03125
0 0.75 0.46484375 0.044921875 0.03515625
0 0.89453125 0.462890625 0.01953125 0.021484375
0 0.828125 0.541015625 0.029296875 0.029296875
0 0.923828125 0.341796875 0.02734375 0.03515625
0 0.427734375 0.34375 0.025390625 0.029296875
0 0.17578125 0.376953125 0.021484375 0.017578125
0 0.228515625 0.400390625 0.046875 0.0390625
0 0.689453125 0.412109375 0.02734375 0.02734375
0 0.17578125 0.48828125 0.0234375 0.02734375
0 0.2265625 0.5546875 0.03515625 0.0234375
0 0.5078125 0.587890625 0.04296875 0.03515625