0 0.7578125 0.58203125 0.044921875 0.0625
0 0.4560546875 0.6455078125 0.052734375 0.0625
0 0.4931640625 0.8212890625 0.033203125 0.03125
0 0.94140625 0.4794921875 0.056640625 0.0703125
0 0.6845703125 0.5400390625 0.044921875 0.044921875
0 0.650390625 0.1513671875 0.046875 0.03125
0 0.869140625 0.396484375 0.0546875 0.064453125
0 0.390625 0.185546875 0.03515625 0.017578125
0 0.9853515625 0.5234375 0.029296875 0.0546875
0 0.1806640625 0.234375 0.072265625 0.0546875
0 0.4638671875 0.51953125 0.091796875 0.0859375
0 0.6533203125 0.40625 0.05078125 0.0546875