0 0.759765625 0.482421875 0.048828125 0.1015625
0 0.443359375 0.734375 0.041015625 0.068359375
0 0.521484375 0.525390625 0.037109375 0.08203125
0 0.39453125 0.431640625 0.03515625 0.087890625
0 0.63671875 0.5234375 0.125 0.27734375
0 0.43359375 0.515625 0.046875 0.0390625
0 0.458984375 0.599609375 0.046875 0.0703125
0 0.5703125 0.732421875 0.0703125 0.0703125
0 0.53515625 0.814453125 0.091796875 0.07421875
0 0.689453125 0.185546875 0.048828125 0.05859375
0 0.759765625 0.197265625 0.03125 0.0390625
0 0.833984375 0.576171875 0.048828125 0.046875