0 0.7109375 0.3046875 0.033203125 0.0703125
0 0.716796875 0.56640625 0.04296875 0.08203125
0 0.53125 0.548828125 0.03125 0.0546875
0 0.296875 0.57421875 0.046875 0.07421875
0 0.376953125 0.21484375 0.095703125 0.12109375
0 0.638671875 0.181640625 0.03515625 0.056640625
0 0.69140625 0.84375 0.025390625 0.0546875
0 0.240234375 0.548828125 0.029296875 0.05859375
0 0.265625 0.822265625 0.021484375 0.064453125
0 0.44921875 0.9765625 0.03125 0.044921875
0 0.818359375 0.50390625 0.025390625 0.150390625
0 0.4375 0.328125 0.033203125 0.0625
0 0.267578125 0.63671875 0.0234375 0.046875
0 0.4921875 0.16796875 0.044921875 0.083984375
0 0.501953125 0.3125 0.044921875 0.060546875
0 0.6171875 0.2734375 0.05859375 0.076171875
0 0.58984375 0.138671875 0.037109375 0.05078125
0 0.666015625 0.67578125 0.078125 0.080078125