0 0.7080078125 0.78515625 0.029296875 0.0546875
0 0.4853515625 0.2802734375 0.029296875 0.064453125
0 0.74609375 0.6982421875 0.02734375 0.06640625
0 0.28515625 0.623046875 0.033203125 0.05078125
0 0.767578125 0.5654296875 0.068359375 0.1875
0 0.2529296875 0.49609375 0.046875 0.095703125
0 0.3515625 0.490234375 0.05859375 0.08203125
0 0.2890625 0.7705078125 0.056640625 0.09375
0 0.5224609375 0.4921875 0.162109375 0.193359375
0 0.66015625 0.4853515625 0.07421875 0.056640625
0 0.716796875 0.60546875 0.05859375 0.0546875
0 0.37890625 0.62109375 0.0703125 0.056640625
0 0.4541015625 0.9033203125 0.064453125 0.05859375
0 0.6396484375 0.2314453125 0.060546875 0.08203125