0 0.52734375 0.255859375 0.05078125 0.095703125
0 0.4140625 0.875 0.017578125 0.044921875
0 0.26953125 0.5703125 0.0234375 0.04296875
0 0.33984375 0.646484375 0.048828125 0.0859375
0 0.384765625 0.8046875 0.013671875 0.03515625
0 0.314453125 0.802734375 0.01953125 0.037109375
0 0.369140625 0.849609375 0.013671875 0.033203125
0 0.69140625 0.7578125 0.0234375 0.068359375
0 0.763671875 0.01953125 0.052734375 0.0390625
0 0.2890625 0.626953125 0.01953125 0.033203125
0 0.517578125 0.44921875 0.05078125 0.0546875
0 0.671875 0.599609375 0.091796875 0.142578125
0 0.421875 0.23828125 0.046875 0.087890625
0 0.3828125 0.552734375 0.087890625 0.068359375
0 0.416015625 0.748046875 0.05859375 0.056640625
0 0.48046875 0.5625 0.0546875 0.052734375
0 0.52734375 0.884765625 0.046875 0.04296875