0 0.6171875 0.69140625 0.05859375 0.060546875
0 0.677734375 0.310546875 0.03515625 0.03515625
0 0.15625 0.373046875 0.048828125 0.046875
0 0.509765625 0.560546875 0.060546875 0.06640625
0 0.34375 0.685546875 0.025390625 0.02734375
0 0.650390625 0.466796875 0.048828125 0.046875
0 0.755859375 0.615234375 0.0546875 0.056640625
0 0.2109375 0.818359375 0.04296875 0.017578125
0 0.212890625 0.482421875 0.037109375 0.041015625
0 0.51953125 0.40234375 0.115234375 0.0625
0 0.72265625 0.369140625 0.060546875 0.041015625
0 0.369140625 0.599609375 0.14453125 0.09375
0 0.423828125 0.466796875 0.111328125 0.06640625
0 0.6171875 0.55859375 0.052734375 0.09375
0 0.43359375 0.693359375 0.06640625 0.05078125
0 0.517578125 0.630859375 0.095703125 0.044921875
0 0.748046875 0.455078125 0.046875 0.072265625