0 0.685546875 0.2734375 0.033203125 0.044921875
0 0.53125 0.431640625 0.037109375 0.06640625
0 0.248046875 0.58984375 0.029296875 0.060546875
0 0.33984375 0.265625 0.01953125 0.03125
0 0.48046875 0.205078125 0.05078125 0.05859375
0 0.365234375 0.833984375 0.015625 0.03515625
0 0.388671875 0.248046875 0.029296875 0.0390625
0 0.392578125 0.86328125 0.021484375 0.033203125
0 0.27734375 0.29296875 0.02734375 0.044921875
0 0.48046875 0.244140625 0.044921875 0.03125
0 0.7578125 0.40625 0.021484375 0.064453125
0 0.513671875 0.291015625 0.0390625 0.0390625
0 0.546875 0.220703125 0.06640625 0.04296875
0 0.578125 0.34375 0.03515625 0.048828125
0 0.39453125 0.34765625 0.0703125 0.037109375
0 0.41796875 0.619140625 0.07421875 0.072265625
0 0.255859375 0.6796875 0.03515625 0.052734375
0 0.357421875 0.705078125 0.033203125 0.05078125
0 0.32421875 0.62109375 0.041015625 0.05078125
0 0.470703125 0.849609375 0.0234375 0.0390625
0 0.650390625 0.65234375 0.044921875 0.033203125
0 0.603515625 0.591796875 0.046875 0.046875
0 0.505859375 0.580078125 0.060546875 0.05859375
0 0.712890625 0.595703125 0.033203125 0.03515625
0 0.703125 0.677734375 0.04296875 0.078125