0 0.328125 0.6015625 0.037109375 0.07421875
0 0.705078125 0.5869140625 0.041015625 0.037109375
0 0.64453125 0.8349609375 0.068359375 0.06640625
0 0.50390625 0.8701171875 0.056640625 0.07421875
0 0.435546875 0.86328125 0.05859375 0.052734375
0 0.345703125 0.720703125 0.037109375 0.041015625
0 0.4169921875 0.400390625 0.05078125 0.046875
0 0.49609375 0.3916015625 0.037109375 0.044921875
0 0.6416015625 0.291015625 0.033203125 0.03515625
0 0.6953125 0.703125 0.0234375 0.037109375
0 0.6484375 0.6943359375 0.04296875 0.04296875
0 0.4052734375 0.5966796875 0.083984375 0.072265625