0 0.216796875 0.515625 0.017578125 0.03515625
0 0.3828125 0.845703125 0.0234375 0.033203125
0 0.6796875 0.123046875 0.072265625 0.09765625
0 0.5078125 0.541015625 0.060546875 0.078125
0 0.2421875 0.26953125 0.0234375 0.0390625
0 0.71484375 0.107421875 0.0234375 0.0390625
0 0.189453125 0.62109375 0.052734375 0.166015625
0 0.53125 0.07421875 0.056640625 0.099609375
0 0.373046875 0.650390625 0.03515625 0.0703125
0 0.318359375 0.595703125 0.052734375 0.10546875
0 0.369140625 0.568359375 0.041015625 0.064453125
0 0.369140625 0.859375 0.017578125 0.037109375
0 0.400390625 0.20703125 0.07421875 0.09765625
0 0.53125 0.19140625 0.072265625 0.072265625
0 0.619140625 0.24609375 0.060546875 0.091796875
0 0.2890625 0.736328125 0.072265625 0.12890625
0 0.36328125 0.7265625 0.0625 0.080078125
0 0.419921875 0.630859375 0.029296875 0.083984375
0 0.669921875 0.546875 0.1015625 0.126953125