0 0.6298828125 0.7041015625 0.03125 0.0390625
0 0.697265625 0.8525390625 0.03515625 0.044921875
0 0.4658203125 0.6376953125 0.21875 0.255859375
0 0.23046875 0.9326171875 0.07421875 0.111328125
0 0.669921875 0.28125 0.056640625 0.099609375
0 0.37109375 0.2197265625 0.08203125 0.12109375
0 0.6494140625 0.6357421875 0.048828125 0.091796875
0 0.208984375 0.66015625 0.056640625 0.09765625
0 0.6962890625 0.5869140625 0.046875 0.068359375
0 0.3857421875 0.984375 0.041015625 0.025390625
0 0.8056640625 0.3134765625 0.05859375 0.185546875
0 0.466796875 0.1630859375 0.05859375 0.083984375
0 0.73828125 0.7216796875 0.087890625 0.09375
0 0.4619140625 0.3134765625 0.091796875 0.0625