0 0.69140625 0.69921875 0.046875 0.056640625
0 0.703125 0.244140625 0.029296875 0.03125
0 0.81640625 0.328125 0.0390625 0.044921875
0 0.93359375 0.2265625 0.103515625 0.09765625
0 0.455078125 0.46875 0.033203125 0.03515625
0 0.865234375 0.1875 0.037109375 0.017578125
0 0.8515625 0.314453125 0.033203125 0.052734375
0 0.740234375 0.640625 0.03515625 0.046875
0 0.94921875 0.1875 0.076171875 0.01953125
0 0.666015625 0.44921875 0.068359375 0.037109375
0 0.65234375 0.650390625 0.029296875 0.037109375
0 0.583984375 0.45703125 0.037109375 0.0390625