0 0.76171875 0.4833984375 0.052734375 0.06640625
0 0.5849609375 0.7177734375 0.14453125 0.130859375
0 0.9228515625 0.5546875 0.111328125 0.205078125
0 0.5341796875 0.435546875 0.046875 0.072265625
0 0.30859375 0.552734375 0.07421875 0.048828125
0 0.935546875 0.74609375 0.048828125 0.046875
0 0.322265625 0.744140625 0.04296875 0.0546875
0 0.775390625 0.1962890625 0.06640625 0.025390625
0 0.4033203125 0.70703125 0.04296875 0.048828125
0 0.2333984375 0.3955078125 0.1015625 0.060546875
0 0.4306640625 0.5380859375 0.130859375 0.0703125
0 0.6650390625 0.462890625 0.0703125 0.052734375