0 0.33984375 0.576171875 0.060546875 0.07421875
0 0.37890625 0.849609375 0.033203125 0.0625
0 0.447265625 0.751953125 0.017578125 0.044921875
0 0.802734375 0.529296875 0.041015625 0.0859375
0 0.732421875 0.59765625 0.0703125 0.134765625
0 0.66796875 0.771484375 0.021484375 0.04296875
0 0.765625 0.705078125 0.0234375 0.083984375
0 0.58984375 0.064453125 0.05078125 0.10546875
0 0.51953125 0.3125 0.03515625 0.0703125
0 0.275390625 0.21875 0.01953125 0.033203125
0 0.4375 0.533203125 0.03515625 0.076171875
0 0.234375 0.5390625 0.0234375 0.072265625
0 0.400390625 0.05078125 0.033203125 0.09375
0 0.59765625 0.927734375 0.03125 0.0703125
0 0.48046875 0.466796875 0.015625 0.033203125
0 0.6328125 0.556640625 0.025390625 0.052734375
0 0.27734375 0.5625 0.041015625 0.056640625
0 0.291015625 0.673828125 0.1171875 0.11328125
0 0.53515625 0.900390625 0.05078125 0.0546875
0 0.646484375 0.240234375 0.07421875 0.056640625
0 0.439453125 0.185546875 0.037109375 0.0390625