0 0.419921875 0.42578125 0.05078125 0.0625
0 0.25390625 0.673828125 0.048828125 0.13671875
0 0.173828125 0.23828125 0.02734375 0.115234375
0 0.6015625 0.69921875 0.0234375 0.03515625
0 0.6796875 0.634765625 0.03125 0.07421875
0 0.177734375 0.087890625 0.037109375 0.099609375
0 0.392578125 0.943359375 0.037109375 0.083984375
0 0.341796875 0.013671875 0.072265625 0.02734375
0 0.74609375 0.568359375 0.056640625 0.193359375
0 0.751953125 0.01953125 0.10546875 0.03515625
0 0.177734375 0.564453125 0.037109375 0.203125
0 0.310546875 0.939453125 0.01953125 0.033203125
0 0.466796875 0.974609375 0.048828125 0.05078125
0 0.330078125 0.892578125 0.041015625 0.076171875
0 0.4453125 0.564453125 0.048828125 0.09375
0 0.55859375 0.408203125 0.1171875 0.0859375
0 0.494140625 0.654296875 0.1015625 0.046875
0 0.615234375 0.626953125 0.060546875 0.078125
0 0.69921875 0.36328125 0.04296875 0.1015625