0 0.6572265625 0.6279296875 0.029296875 0.0390625
0 0.25 0.19921875 0.033203125 0.072265625
0 0.4013671875 0.1318359375 0.025390625 0.03515625
0 0.2353515625 0.408203125 0.01953125 0.037109375
0 0.5009765625 0.2978515625 0.033203125 0.037109375
0 0.6962890625 0.1640625 0.041015625 0.078125
0 0.41015625 0.2412109375 0.041015625 0.078125
0 0.3896484375 0.3583984375 0.05078125 0.064453125
0 0.4736328125 0.201171875 0.0546875 0.0703125
0 0.5791015625 0.228515625 0.05078125 0.0625
0 0.5517578125 0.2861328125 0.0625 0.0390625
0 0.537109375 0.3427734375 0.025390625 0.048828125
0 0.380859375 0.607421875 0.130859375 0.08984375
0 0.5419921875 0.1591796875 0.080078125 0.05078125