0 0.63671875 0.69921875 0.029296875 0.037109375
0 0.708984375 0.845703125 0.033203125 0.04296875
0 0.470703125 0.638671875 0.2109375 0.248046875
0 0.24609375 0.94140625 0.0703125 0.109375
0 0.662109375 0.275390625 0.052734375 0.09765625
0 0.361328125 0.224609375 0.078125 0.119140625
0 0.654296875 0.630859375 0.044921875 0.08984375
0 0.21484375 0.669921875 0.052734375 0.095703125
0 0.69921875 0.580078125 0.044921875 0.06640625
0 0.40234375 0.98828125 0.041015625 0.0234375
0 0.798828125 0.302734375 0.052734375 0.18359375
0 0.455078125 0.1640625 0.056640625 0.08203125
0 0.74609375 0.712890625 0.083984375 0.091796875
0 0.455078125 0.314453125 0.08984375 0.05859375