0 0.76171875 0.0625 0.0390625 0.076171875
0 0.755859375 0.390625 0.04296875 0.111328125
0 0.51953125 0.578125 0.037109375 0.099609375
0 0.220703125 0.22265625 0.033203125 0.080078125
0 0.73046875 0.107421875 0.09765625 0.203125
0 0.623046875 0.96484375 0.052734375 0.068359375
0 0.61328125 0.423828125 0.0859375 0.123046875
0 0.662109375 0.576171875 0.103515625 0.119140625
0 0.326171875 0.2890625 0.09375 0.0859375
0 0.560546875 0.228515625 0.171875 0.1015625
0 0.333984375 0.400390625 0.125 0.060546875