0 0.353515625 0.6005859375 0.072265625 0.08203125
0 0.435546875 0.8642578125 0.04296875 0.06640625
0 0.4873046875 0.7568359375 0.0234375 0.046875
0 0.8037109375 0.4814453125 0.0546875 0.091796875
0 0.7451171875 0.560546875 0.08984375 0.14453125
0 0.7080078125 0.7421875 0.02734375 0.044921875
0 0.794921875 0.6611328125 0.037109375 0.0859375
0 0.5205078125 0.0556640625 0.06640625 0.111328125
0 0.490234375 0.3115234375 0.044921875 0.07421875
0 0.234375 0.2578125 0.025390625 0.03515625
0 0.443359375 0.54296875 0.046875 0.080078125
0 0.244140625 0.580078125 0.03515625 0.07421875
0 0.3310546875 0.072265625 0.046875 0.09765625
0 0.6630859375 0.9072265625 0.041015625 0.07421875
0 0.4755859375 0.470703125 0.021484375 0.03515625
0 0.6396484375 0.53515625 0.033203125 0.056640625
0 0.2900390625 0.5966796875 0.048828125 0.0625
0 0.3203125 0.7041015625 0.1328125 0.130859375
0 0.59765625 0.8896484375 0.05859375 0.0625
0 0.6044921875 0.220703125 0.08203125 0.068359375
0 0.390625 0.19921875 0.04296875 0.044921875