0 0.373046875 0.8125 0.0390625 0.0703125
0 0.658203125 0.8125 0.052734375 0.083984375
0 0.5234375 0.900390625 0.07421875 0.095703125
0 0.724609375 0.609375 0.072265625 0.19921875
0 0.48828125 0.283203125 0.037109375 0.05078125
0 0.349609375 0.6171875 0.04296875 0.052734375
0 0.3828125 0.693359375 0.1015625 0.0390625
0 0.41796875 0.638671875 0.04296875 0.056640625
0 0.4375 0.9453125 0.06640625 0.064453125
0 0.314453125 0.857421875 0.041015625 0.0390625
0 0.517578125 0.458984375 0.01953125 0.02734375
0 0.623046875 0.51171875 0.052734375 0.10546875