0 0.361328125 0.875 0.0390625 0.07421875
0 0.349609375 0.72265625 0.0546875 0.09765625
0 0.712890625 0.26953125 0.025390625 0.05078125
0 0.474609375 0.3046875 0.068359375 0.099609375
0 0.43359375 0.9765625 0.044921875 0.044921875
0 0.28125 0.44921875 0.0546875 0.0703125
0 0.255859375 0.607421875 0.044921875 0.08984375
0 0.521484375 0.19140625 0.037109375 0.046875
0 0.240234375 0.576171875 0.01953125 0.0390625
0 0.328125 0.44140625 0.03125 0.0546875
0 0.828125 0.666015625 0.021484375 0.1171875
0 0.6640625 0.62890625 0.025390625 0.060546875
0 0.279296875 0.34375 0.025390625 0.037109375
0 0.361328125 0.298828125 0.044921875 0.103515625
0 0.55078125 0.888671875 0.0234375 0.03515625
0 0.4140625 0.857421875 0.021484375 0.037109375
0 0.466796875 0.482421875 0.0703125 0.037109375
0 0.767578125 0.458984375 0.0703125 0.15625
0 0.544921875 0.568359375 0.08984375 0.078125
0 0.603515625 0.822265625 0.03125 0.048828125
0 0.716796875 0.759765625 0.078125 0.06640625
0 0.734375 0.912109375 0.080078125 0.068359375
0 0.330078125 0.529296875 0.10546875 0.064453125