0 0.5146484375 0.2548828125 0.056640625 0.09765625
0 0.43359375 0.87890625 0.01953125 0.044921875
0 0.2734375 0.58203125 0.025390625 0.044921875
0 0.34765625 0.654296875 0.052734375 0.087890625
0 0.400390625 0.810546875 0.015625 0.03515625
0 0.330078125 0.8125 0.021484375 0.037109375
0 0.3876953125 0.8564453125 0.015625 0.033203125
0 0.705078125 0.7470703125 0.02734375 0.0703125
0 0.73828125 0.013671875 0.0546875 0.02734375
0 0.2958984375 0.6376953125 0.021484375 0.03515625
0 0.5146484375 0.4482421875 0.052734375 0.056640625
0 0.6767578125 0.5908203125 0.099609375 0.146484375
0 0.408203125 0.2431640625 0.05078125 0.08984375
0 0.3857421875 0.55859375 0.091796875 0.072265625
0 0.4287109375 0.751953125 0.060546875 0.060546875
0 0.4833984375 0.5634765625 0.056640625 0.0546875
0 0.5478515625 0.8828125 0.048828125 0.044921875