0 0.671875 0.607421875 0.025390625 0.037109375
0 0.21484375 0.232421875 0.025390625 0.0703125
0 0.357421875 0.146484375 0.021484375 0.033203125
0 0.2265625 0.44140625 0.015625 0.03515625
0 0.4765625 0.298828125 0.029296875 0.033203125
0 0.654296875 0.142578125 0.03125 0.07421875
0 0.37890625 0.25390625 0.03125 0.07421875
0 0.373046875 0.373046875 0.04296875 0.060546875
0 0.4375 0.20703125 0.046875 0.064453125
0 0.544921875 0.220703125 0.044921875 0.056640625
0 0.525390625 0.28125 0.05859375 0.03125
0 0.517578125 0.33984375 0.01953125 0.046875
0 0.39453125 0.62109375 0.123046875 0.076171875
0 0.5 0.15625 0.076171875 0.041015625