0 0.240234375 0.4873046875 0.05078125 0.1015625
0 0.560546875 0.7333984375 0.04296875 0.068359375
0 0.478515625 0.525390625 0.0390625 0.08203125
0 0.6044921875 0.4296875 0.037109375 0.087890625
0 0.36328125 0.525390625 0.12890625 0.279296875
0 0.56640625 0.5146484375 0.046875 0.0390625
0 0.54296875 0.5986328125 0.048828125 0.0703125
0 0.43359375 0.7333984375 0.072265625 0.072265625
0 0.470703125 0.8154296875 0.09375 0.076171875
0 0.3046875 0.1884765625 0.05078125 0.05859375
0 0.2353515625 0.2021484375 0.03125 0.0390625
0 0.1669921875 0.58203125 0.048828125 0.046875