0 0.4482421875 0.859375 0.044921875 0.05078125
0 0.365234375 0.5380859375 0.05859375 0.08984375
0 0.705078125 0.9140625 0.0625 0.171875
0 0.3642578125 0.662109375 0.048828125 0.068359375
0 0.7236328125 0.75 0.033203125 0.07421875
0 0.642578125 0.3779296875 0.05859375 0.091796875
0 0.1279296875 0.8876953125 0.03515625 0.107421875
0 0.7626953125 0.62109375 0.046875 0.15234375
0 0.8271484375 0.4296875 0.052734375 0.216796875
0 0.2822265625 0.5439453125 0.083984375 0.09375
0 0.5380859375 0.3828125 0.1328125 0.08984375
0 0.66796875 0.587890625 0.130859375 0.126953125
0 0.5322265625 0.51171875 0.134765625 0.119140625
0 0.4267578125 0.603515625 0.05859375 0.04296875
0 0.4443359375 0.5068359375 0.052734375 0.068359375
0 0.2890625 0.6611328125 0.1015625 0.091796875