0 0.494140625 0.6337890625 0.060546875 0.080078125
0 0.205078125 0.3818359375 0.08984375 0.087890625
0 0.345703125 0.2861328125 0.08984375 0.123046875
0 0.310546875 0.3984375 0.052734375 0.072265625
0 0.2099609375 0.689453125 0.05859375 0.068359375
0 0.5234375 0.5546875 0.052734375 0.0703125
0 0.2607421875 0.220703125 0.052734375 0.056640625
0 0.46484375 0.55859375 0.064453125 0.07421875
0 0.72265625 0.5615234375 0.0390625 0.046875
0 0.5234375 0.7255859375 0.0625 0.072265625
0 0.3623046875 0.4794921875 0.046875 0.048828125
0 0.185546875 0.513671875 0.076171875 0.07421875
0 0.4580078125 0.43359375 0.06640625 0.048828125
0 0.51953125 0.3837890625 0.076171875 0.05859375
0 0.6181640625 0.3759765625 0.0703125 0.068359375
0 0.6982421875 0.40234375 0.0625 0.109375
0 0.3095703125 0.5615234375 0.10546875 0.091796875
0 0.447265625 0.279296875 0.05078125 0.044921875