0 0.669921875 0.7568359375 0.044921875 0.052734375
0 0.6787109375 0.6259765625 0.048828125 0.05078125
0 0.736328125 0.7001953125 0.07421875 0.189453125
0 0.2724609375 0.3701171875 0.025390625 0.052734375
0 0.326171875 0.1513671875 0.056640625 0.068359375
0 0.56640625 0.193359375 0.04296875 0.048828125
0 0.7939453125 0.5517578125 0.01953125 0.037109375
0 0.513671875 0.3603515625 0.078125 0.109375
0 0.5029296875 0.1279296875 0.072265625 0.083984375
0 0.3544921875 0.650390625 0.02734375 0.05859375
0 0.314453125 0.6123046875 0.05859375 0.060546875
0 0.6982421875 0.26953125 0.02734375 0.0390625
0 0.24609375 0.7685546875 0.03515625 0.087890625
0 0.54296875 0.2783203125 0.076171875 0.0703125
0 0.4482421875 0.232421875 0.09375 0.134765625
0 0.626953125 0.3583984375 0.064453125 0.109375
0 0.62109375 0.228515625 0.044921875 0.107421875
0 0.4755859375 0.6279296875 0.125 0.09765625
0 0.3330078125 0.7333984375 0.068359375 0.056640625
0 0.248046875 0.2685546875 0.0546875 0.07421875
0 0.4033203125 0.091796875 0.033203125 0.048828125