0 0.4921875 0.86328125 0.0390625 0.046875
0 0.37109375 0.5546875 0.048828125 0.083984375
0 0.755859375 0.890625 0.041015625 0.17578125
0 0.384765625 0.677734375 0.041015625 0.064453125
0 0.751953125 0.720703125 0.025390625 0.072265625
0 0.626953125 0.361328125 0.048828125 0.0859375
0 0.177734375 0.9296875 0.0234375 0.10546875
0 0.775390625 0.587890625 0.029296875 0.150390625
0 0.81640625 0.390625 0.02734375 0.21484375
0 0.2890625 0.5703125 0.07421875 0.0859375
0 0.5234375 0.37890625 0.125 0.07421875
0 0.677734375 0.56640625 0.1171875 0.11328125
0 0.533203125 0.5078125 0.123046875 0.10546875
0 0.439453125 0.611328125 0.0546875 0.037109375
0 0.4453125 0.513671875 0.044921875 0.0625
0 0.310546875 0.685546875 0.091796875 0.08203125