0 0.33203125 0.671875 0.02734375 0.048828125
0 0.333984375 0.810546875 0.013671875 0.03515625
0 0.646484375 0.724609375 0.03125 0.04296875
0 0.484375 0.580078125 0.072265625 0.103515625
0 0.6875 0.623046875 0.04296875 0.1015625
0 0.38671875 0.24609375 0.0546875 0.056640625
0 0.525390625 0.357421875 0.037109375 0.0390625
0 0.6171875 0.388671875 0.046875 0.044921875
0 0.61328125 0.60546875 0.06640625 0.0546875
0 0.3203125 0.55859375 0.025390625 0.046875
0 0.40625 0.6015625 0.0625 0.046875
0 0.513671875 0.875 0.154296875 0.044921875
0 0.634765625 0.287109375 0.04296875 0.048828125
0 0.505859375 0.265625 0.04296875 0.05859375