0 0.76953125 0.529296875 0.037109375 0.0703125
0 0.23828125 0.71484375 0.021484375 0.046875
0 0.390625 0.875 0.025390625 0.04296875
0 0.40625 0.6640625 0.021484375 0.044921875
0 0.498046875 0.259765625 0.025390625 0.044921875
0 0.244140625 0.79296875 0.033203125 0.080078125
0 0.39453125 0.947265625 0.0234375 0.029296875
0 0.2109375 0.6484375 0.021484375 0.048828125
0 0.80078125 0.66796875 0.05078125 0.205078125
0 0.2578125 0.830078125 0.015625 0.029296875
0 0.80859375 0.17578125 0.03515625 0.13671875
0 0.701171875 0.63671875 0.06640625 0.177734375
0 0.251953125 0.61328125 0.025390625 0.044921875
0 0.298828125 0.931640625 0.013671875 0.029296875
0 0.603515625 0.69921875 0.021484375 0.0390625
0 0.353515625 0.609375 0.0390625 0.06640625
0 0.818359375 0.31640625 0.01953125 0.10546875
0 0.54296875 0.26171875 0.0234375 0.04296875
0 0.4140625 0.720703125 0.01953125 0.02734375
0 0.2734375 0.82421875 0.017578125 0.029296875
0 0.572265625 0.912109375 0.0625 0.0703125
0 0.2734375 0.33203125 0.072265625 0.060546875
0 0.412109375 0.478515625 0.041015625 0.037109375
0 0.583984375 0.482421875 0.048828125 0.046875
0 0.638671875 0.607421875 0.03125 0.076171875
0 0.279296875 0.53125 0.052734375 0.052734375
0 0.361328125 0.5390625 0.06640625 0.0625