0 0.763671875 0.3359375 0.037109375 0.0390625
0 0.84375 0.36328125 0.03515625 0.025390625
0 0.787109375 0.26953125 0.033203125 0.025390625
0 0.4140625 0.548828125 0.037109375 0.048828125
0 0.44921875 0.29296875 0.0234375 0.017578125
0 0.51171875 0.615234375 0.033203125 0.04296875
0 0.35546875 0.576171875 0.02734375 0.033203125
0 0.634765625 0.337890625 0.02734375 0.021484375
0 0.16015625 0.431640625 0.037109375 0.056640625
0 0.6484375 0.462890625 0.03125 0.03125
0 0.263671875 0.1875 0.037109375 0.029296875
0 0.3984375 0.6171875 0.03125 0.048828125
0 0.666015625 0.685546875 0.041015625 0.05078125
0 0.45703125 0.560546875 0.041015625 0.0546875
0 0.412109375 0.4609375 0.12109375 0.072265625
0 0.576171875 0.5703125 0.052734375 0.056640625
0 0.87109375 0.251953125 0.046875 0.052734375