0 0.541015625 0.74609375 0.056640625 0.060546875
0 0.912109375 0.333984375 0.0703125 0.052734375
0 0.708984375 0.3359375 0.03125 0.0390625
0 0.666015625 0.1953125 0.060546875 0.05078125
0 0.380859375 0.775390625 0.04296875 0.05859375
0 0.498046875 0.494140625 0.0546875 0.07421875
0 0.763671875 0.736328125 0.064453125 0.111328125
0 0.611328125 0.69921875 0.0546875 0.046875
0 0.5859375 0.6953125 0.021484375 0.03125
0 0.59375 0.20703125 0.04296875 0.037109375
0 0.810546875 0.244140625 0.046875 0.0234375
0 0.490234375 0.70703125 0.033203125 0.044921875
0 0.685546875 0.751953125 0.068359375 0.04296875