0 0.78515625 0.533203125 0.037109375 0.044921875
0 0.15234375 0.470703125 0.037109375 0.033203125
0 0.884765625 0.4609375 0.02734375 0.03125
0 0.76171875 0.591796875 0.03515625 0.037109375
0 0.693359375 0.466796875 0.03515625 0.03515625
0 0.8515625 0.51953125 0.03125 0.025390625
0 0.69140625 0.5546875 0.0625 0.0625
0 0.818359375 0.619140625 0.05078125 0.0546875
0 0.916015625 0.306640625 0.01953125 0.021484375
0 0.8984375 0.41015625 0.03125 0.03125
0 0.822265625 0.5234375 0.0234375 0.02734375
0 0.21484375 0.421875 0.044921875 0.048828125
0 0.541015625 0.466796875 0.06640625 0.056640625
0 0.150390625 0.625 0.033203125 0.03125
0 0.107421875 0.578125 0.029296875 0.041015625
0 0.30859375 0.451171875 0.05078125 0.048828125
0 0.32421875 0.576171875 0.0234375 0.029296875
0 0.181640625 0.521484375 0.06640625 0.044921875
0 0.236328125 0.59765625 0.02734375 0.037109375
0 0.3828125 0.755859375 0.037109375 0.021484375
0 0.53125 0.724609375 0.03125 0.03125