0 0.759765625 0.46484375 0.048828125 0.0625
0 0.599609375 0.7109375 0.13671875 0.12109375
0 0.92578125 0.525390625 0.09765625 0.19921875
0 0.529296875 0.43359375 0.04296875 0.0703125
0 0.3125 0.56640625 0.072265625 0.04296875
0 0.951171875 0.71484375 0.046875 0.04296875
0 0.33984375 0.755859375 0.0390625 0.052734375
0 0.75390625 0.177734375 0.064453125 0.021484375
0 0.41796875 0.712890625 0.0390625 0.046875
0 0.2265625 0.4140625 0.09765625 0.0546875
0 0.43359375 0.54296875 0.126953125 0.0625
0 0.662109375 0.451171875 0.06640625 0.048828125