0 0.6640625 0.61328125 0.03125 0.072265625
0 0.2890625 0.572265625 0.0390625 0.03515625
0 0.33203125 0.82421875 0.064453125 0.0625
0 0.470703125 0.869140625 0.052734375 0.0703125
0 0.5390625 0.8671875 0.0546875 0.048828125
0 0.638671875 0.73046875 0.03515625 0.0390625
0 0.58984375 0.40625 0.048828125 0.04296875
0 0.51171875 0.392578125 0.03515625 0.04296875
0 0.373046875 0.28125 0.03125 0.033203125
0 0.291015625 0.689453125 0.021484375 0.03515625
0 0.337890625 0.68359375 0.041015625 0.041015625
0 0.587890625 0.603515625 0.080078125 0.06640625