0 0.34765625 0.333984375 0.029296875 0.044921875
0 0.30859375 0.642578125 0.02734375 0.048828125
0 0.677734375 0.328125 0.021484375 0.0390625
0 0.44921875 0.400390625 0.0234375 0.03125
0 0.6328125 0.68359375 0.080078125 0.10546875
0 0.501953125 0.4765625 0.03515625 0.05859375
0 0.4921875 0.27734375 0.06640625 0.05859375
0 0.513671875 0.33984375 0.03515625 0.03515625
0 0.552734375 0.416015625 0.05078125 0.060546875
0 0.619140625 0.400390625 0.029296875 0.03125
0 0.548828125 0.30859375 0.02734375 0.04296875
0 0.560546875 0.26171875 0.05078125 0.052734375
0 0.634765625 0.31640625 0.0390625 0.046875
0 0.390625 0.37890625 0.0390625 0.05859375
0 0.3359375 0.744140625 0.05859375 0.095703125
0 0.384765625 0.69140625 0.021484375 0.0546875
0 0.431640625 0.634765625 0.037109375 0.046875
0 0.744140625 0.673828125 0.072265625 0.130859375
0 0.478515625 0.88671875 0.056640625 0.046875
0 0.54296875 0.8828125 0.029296875 0.03515625
0 0.619140625 0.90234375 0.041015625 0.05078125
0 0.640625 0.853515625 0.0546875 0.037109375
0 0.505859375 0.61328125 0.05859375 0.041015625