0 0.3798828125 0.076171875 0.099609375 0.109375
0 0.2685546875 0.54296875 0.056640625 0.0703125
0 0.537109375 0.23046875 0.07421875 0.099609375
0 0.2333984375 0.900390625 0.078125 0.111328125
0 0.3154296875 0.705078125 0.044921875 0.064453125
0 0.6640625 0.1474609375 0.052734375 0.05859375
0 0.521484375 0.12109375 0.033203125 0.037109375
0 0.65234375 0.48046875 0.05859375 0.1328125
0 0.71875 0.9716796875 0.09765625 0.056640625
0 0.8291015625 0.587890625 0.033203125 0.0390625
0 0.5693359375 0.04296875 0.03125 0.037109375
0 0.9775390625 0.1357421875 0.044921875 0.189453125
0 0.29296875 0.64453125 0.044921875 0.0625
0 0.4111328125 0.1689453125 0.0234375 0.033203125
0 0.4912109375 0.3994140625 0.03515625 0.0390625
0 0.5478515625 0.333984375 0.068359375 0.08984375
0 0.4541015625 0.443359375 0.0703125 0.12890625
0 0.568359375 0.572265625 0.09765625 0.115234375
0 0.6982421875 0.607421875 0.091796875 0.12890625
0 0.6357421875 0.7431640625 0.091796875 0.09375