0 0.12890625 0.5458984375 0.029296875 0.029296875
0 0.11328125 0.490234375 0.033203125 0.03125
0 0.15625 0.431640625 0.041015625 0.04296875
0 0.0732421875 0.4580078125 0.0234375 0.01953125
0 0.814453125 0.4521484375 0.033203125 0.037109375
0 0.3671875 0.3798828125 0.021484375 0.01953125
0 0.6064453125 0.478515625 0.046875 0.05078125
0 0.248046875 0.3876953125 0.0390625 0.033203125
0 0.2509765625 0.4560546875 0.046875 0.037109375
0 0.107421875 0.44921875 0.01953125 0.021484375
0 0.1708984375 0.529296875 0.03125 0.03125
0 0.08203125 0.3271484375 0.029296875 0.03515625
0 0.578125 0.3466796875 0.02734375 0.029296875
0 0.828125 0.388671875 0.021484375 0.017578125
0 0.7744140625 0.41015625 0.048828125 0.041015625
0 0.3134765625 0.4052734375 0.02734375 0.02734375
0 0.82421875 0.5 0.0234375 0.02734375
0 0.771484375 0.564453125 0.03515625 0.025390625
0 0.4892578125 0.587890625 0.044921875 0.037109375