0 0.5791015625 0.736328125 0.064453125 0.068359375
0 0.880859375 0.271484375 0.078125 0.0625
0 0.6806640625 0.3056640625 0.037109375 0.04296875
0 0.6162109375 0.1728515625 0.068359375 0.060546875
0 0.42578125 0.791015625 0.05078125 0.064453125
0 0.4970703125 0.494140625 0.06640625 0.08203125
0 0.7978515625 0.6923828125 0.08203125 0.119140625
0 0.6416015625 0.6796875 0.060546875 0.0546875
0 0.615234375 0.6796875 0.025390625 0.03515625
0 0.546875 0.1962890625 0.048828125 0.04296875
0 0.7666015625 0.1982421875 0.05078125 0.03125
0 0.5224609375 0.7060546875 0.0390625 0.048828125
0 0.72265625 0.7197265625 0.07421875 0.052734375