0 0.34375 0.087890625 0.091796875 0.1015625
0 0.2734375 0.5625 0.05078125 0.06640625
0 0.513671875 0.228515625 0.06640625 0.09375
0 0.26953125 0.921875 0.068359375 0.10546875
0 0.333984375 0.720703125 0.0390625 0.060546875
0 0.6328125 0.134765625 0.048828125 0.0546875
0 0.48828125 0.12109375 0.029296875 0.03515625
0 0.650390625 0.466796875 0.046875 0.12890625
0 0.759765625 0.9609375 0.091796875 0.068359375
0 0.8359375 0.55859375 0.029296875 0.037109375
0 0.529296875 0.0390625 0.02734375 0.03515625
0 0.962890625 0.09375 0.06640625 0.18359375
0 0.306640625 0.662109375 0.0390625 0.05859375
0 0.130859375 0.009765625 0.044921875 0.01953125
0 0.3828125 0.177734375 0.021484375 0.03125
0 0.482421875 0.400390625 0.03125 0.037109375
0 0.533203125 0.330078125 0.060546875 0.083984375
0 0.44921875 0.447265625 0.060546875 0.125
0 0.57421875 0.56640625 0.087890625 0.107421875
0 0.70703125 0.58984375 0.08203125 0.123046875
0 0.65625 0.73046875 0.083984375 0.0859375