0 0.4599609375 0.55859375 0.0625 0.078125
0 0.310546875 0.615234375 0.05078125 0.060546875
0 0.4951171875 0.630859375 0.048828125 0.060546875
0 0.3662109375 0.1875 0.041015625 0.04296875
0 0.4306640625 0.7802734375 0.0546875 0.052734375
0 0.5478515625 0.453125 0.048828125 0.056640625
0 0.37890625 0.69140625 0.041015625 0.03515625
0 0.3095703125 0.3359375 0.04296875 0.0546875
0 0.7998046875 0.7421875 0.0625 0.072265625
0 0.421875 0.419921875 0.103515625 0.064453125
0 0.681640625 0.3193359375 0.056640625 0.046875
0 0.6552734375 0.4453125 0.0546875 0.04296875