0 0.3740234375 0.8798828125 0.041015625 0.076171875
0 0.357421875 0.7275390625 0.05859375 0.099609375
0 0.705078125 0.2626953125 0.02734375 0.05078125
0 0.4677734375 0.3056640625 0.072265625 0.1015625
0 0.44921875 0.9775390625 0.046875 0.044921875
0 0.279296875 0.45703125 0.056640625 0.072265625
0 0.259765625 0.6162109375 0.048828125 0.091796875
0 0.5107421875 0.1904296875 0.0390625 0.048828125
0 0.2431640625 0.5849609375 0.021484375 0.0390625
0 0.326171875 0.447265625 0.033203125 0.056640625
0 0.833984375 0.654296875 0.025390625 0.1171875
0 0.6689453125 0.623046875 0.02734375 0.060546875
0 0.2744140625 0.3515625 0.02734375 0.037109375
0 0.3544921875 0.3037109375 0.048828125 0.10546875
0 0.564453125 0.88671875 0.025390625 0.03515625
0 0.4267578125 0.8603515625 0.0234375 0.037109375
0 0.4658203125 0.4833984375 0.072265625 0.0390625
0 0.765625 0.44921875 0.076171875 0.158203125
0 0.546875 0.56640625 0.091796875 0.08203125
0 0.6142578125 0.818359375 0.033203125 0.05078125
0 0.7255859375 0.751953125 0.080078125 0.068359375
0 0.7490234375 0.9033203125 0.08203125 0.0703125
0 0.3310546875 0.53515625 0.107421875 0.068359375