0 0.71484375 0.279296875 0.037109375 0.072265625
0 0.650390625 0.1552734375 0.041015625 0.0625
0 0.6943359375 0.8046875 0.029296875 0.0703125
0 0.7529296875 0.5771484375 0.029296875 0.060546875
0 0.533203125 0.5224609375 0.02734375 0.046875
0 0.2646484375 0.7734375 0.021484375 0.060546875
0 0.673828125 0.6279296875 0.0625 0.1875
0 0.251953125 0.51171875 0.021484375 0.041015625
0 0.6083984375 0.244140625 0.046875 0.068359375
0 0.4404296875 0.3056640625 0.01953125 0.046875
0 0.7255859375 0.544921875 0.03125 0.048828125
0 0.50390625 0.154296875 0.046875 0.068359375
0 0.3681640625 0.208984375 0.0703125 0.154296875
0 0.5576171875 0.4169921875 0.0234375 0.044921875
0 0.46875 0.4853515625 0.025390625 0.078125
0 0.5126953125 0.318359375 0.0390625 0.13671875
0 0.3505859375 0.5302734375 0.10546875 0.076171875