0 0.8388671875 0.6298828125 0.037109375 0.07421875
0 0.7919921875 0.6474609375 0.02734375 0.05078125
0 0.431640625 0.140625 0.064453125 0.068359375
0 0.2646484375 0.7490234375 0.05859375 0.087890625
0 0.703125 0.2578125 0.029296875 0.037109375
0 0.4033203125 0.2763671875 0.0234375 0.037109375
0 0.60546875 0.078125 0.046875 0.056640625
0 0.3291015625 0.2421875 0.07421875 0.09375
0 0.6953125 0.5322265625 0.087890625 0.07421875
0 0.3994140625 0.4013671875 0.02734375 0.046875
0 0.4189453125 0.298828125 0.0546875 0.1015625
0 0.3505859375 0.7451171875 0.029296875 0.05859375
0 0.517578125 0.2978515625 0.119140625 0.130859375
0 0.4345703125 0.2021484375 0.08203125 0.05078125
0 0.3115234375 0.646484375 0.16796875 0.1015625
0 0.69921875 0.6083984375 0.1875 0.060546875
0 0.6455078125 0.15625 0.087890625 0.0625