0 0.4541015625 0.634765625 0.048828125 0.072265625
0 0.6484375 0.625 0.060546875 0.07421875
0 0.583984375 0.470703125 0.05078125 0.05859375
0 0.400390625 0.4150390625 0.046875 0.0625
0 0.380859375 0.2646484375 0.0625 0.060546875
0 0.80078125 0.466796875 0.12109375 0.1484375
0 0.3564453125 0.5859375 0.0859375 0.1015625
0 0.2451171875 0.43359375 0.03125 0.03515625
0 0.2412109375 0.478515625 0.033203125 0.03125
0 0.6533203125 0.412109375 0.0703125 0.08203125
0 0.5244140625 0.71484375 0.05859375 0.05859375
0 0.765625 0.435546875 0.044921875 0.056640625
0 0.2216796875 0.5908203125 0.041015625 0.05859375
0 0.1005859375 0.7607421875 0.0625 0.08984375