0 0.736328125 0.76171875 0.0234375 0.052734375
0 0.462890625 0.283203125 0.0234375 0.0625
0 0.765625 0.671875 0.021484375 0.064453125
0 0.298828125 0.64453125 0.02734375 0.048828125
0 0.7734375 0.537109375 0.048828125 0.18359375
0 0.25390625 0.521484375 0.037109375 0.091796875
0 0.3515625 0.505859375 0.05078125 0.076171875
0 0.318359375 0.791015625 0.046875 0.08984375
0 0.521484375 0.490234375 0.14453125 0.1796875
0 0.658203125 0.46875 0.0703125 0.048828125
0 0.7265625 0.58203125 0.0546875 0.048828125
0 0.392578125 0.6328125 0.064453125 0.05078125
0 0.49609375 0.90625 0.05859375 0.052734375
0 0.611328125 0.21875 0.052734375 0.076171875