0 0.3125 0.744140625 0.041015625 0.05078125
0 0.3125 0.61328125 0.044921875 0.046875
0 0.25 0.68359375 0.060546875 0.185546875
0 0.736328125 0.38671875 0.021484375 0.05078125
0 0.697265625 0.1640625 0.052734375 0.064453125
0 0.455078125 0.189453125 0.0390625 0.046875
0 0.203125 0.53125 0.017578125 0.03515625
0 0.49609375 0.359375 0.0703125 0.10546875
0 0.5234375 0.12890625 0.06640625 0.080078125
0 0.634765625 0.66015625 0.0234375 0.056640625
0 0.677734375 0.625 0.0546875 0.056640625
0 0.318359375 0.255859375 0.025390625 0.037109375
0 0.734375 0.78515625 0.029296875 0.0859375
0 0.47265625 0.275390625 0.072265625 0.06640625
0 0.5703125 0.236328125 0.0859375 0.12890625
0 0.3828125 0.349609375 0.056640625 0.10546875
0 0.3984375 0.220703125 0.037109375 0.10546875
0 0.515625 0.62890625 0.119140625 0.08984375
0 0.650390625 0.744140625 0.064453125 0.052734375
0 0.767578125 0.287109375 0.05078125 0.0703125
0 0.625 0.099609375 0.029296875 0.046875