0 0.48046875 0.6328125 0.052734375 0.07421875
0 0.21875 0.3515625 0.08203125 0.080078125
0 0.369140625 0.271484375 0.078125 0.115234375
0 0.322265625 0.37890625 0.044921875 0.068359375
0 0.19140625 0.658203125 0.052734375 0.0625
0 0.517578125 0.556640625 0.046875 0.06640625
0 0.291015625 0.197265625 0.046875 0.052734375
0 0.458984375 0.5546875 0.05859375 0.068359375
0 0.71484375 0.583984375 0.03515625 0.04296875
0 0.5 0.7265625 0.056640625 0.06640625
0 0.365234375 0.46484375 0.04296875 0.044921875
0 0.185546875 0.48046875 0.0703125 0.06640625
0 0.46484375 0.4296875 0.0625 0.04296875
0 0.53125 0.38671875 0.0703125 0.05078125
0 0.630859375 0.388671875 0.064453125 0.0625
0 0.70703125 0.423828125 0.05078125 0.10546875
0 0.3046875 0.541015625 0.09765625 0.08203125
0 0.470703125 0.275390625 0.046875 0.041015625