0 0.7109375 0.3896484375 0.05859375 0.1142578125
0 0.7783203125 0.5439453125 0.0224609375 0.0498046875
0 0.5517578125 0.7177734375 0.03125 0.0439453125
0 0.76171875 0.44921875 0.0263671875 0.07421875
0 0.69921875 0.54296875 0.025390625 0.0458984375
0 0.2314453125 0.626953125 0.0625 0.1142578125
0 0.3662109375 0.623046875 0.0595703125 0.109375
0 0.2822265625 0.7294921875 0.044921875 0.072265625
0 0.3193359375 0.822265625 0.048828125 0.083984375
0 0.20703125 0.4912109375 0.0673828125 0.1142578125
0 0.634765625 0.6279296875 0.0224609375 0.0595703125
0 0.6796875 0.6416015625 0.0302734375 0.08984375
0 0.6337890625 0.7236328125 0.025390625 0.0390625
0 0.732421875 0.7431640625 0.064453125 0.1845703125
0 0.6044921875 0.3681640625 0.04296875 0.109375