0 0.5087890625 0.119140625 0.09765625 0.16796875
0 0.083984375 0.623046875 0.0732421875 0.1591796875
0 0.3046875 0.5302734375 0.1435546875 0.095703125
0 0.341796875 0.3984375 0.1015625 0.11328125
0 0.7509765625 0.2353515625 0.08984375 0.1279296875
0 0.2626953125 0.6572265625 0.087890625 0.099609375
0 0.486328125 0.5771484375 0.068359375 0.076171875
0 0.5537109375 0.48046875 0.087890625 0.0732421875
0 0.5234375 0.2861328125 0.05078125 0.0673828125
0 0.6298828125 0.7197265625 0.083984375 0.1064453125
0 0.4365234375 0.63671875 0.0693359375 0.080078125
0 0.2568359375 0.4248046875 0.03515625 0.0546875
0 0.3369140625 0.2041015625 0.0693359375 0.083984375
0 0.9384765625 0.3232421875 0.033203125 0.056640625
0 0.19140625 0.7080078125 0.0615234375 0.07421875
0 0.9482421875 0.5673828125 0.029296875 0.052734375
0 0.8916015625 0.3251953125 0.03125 0.0458984375
0 0.69140625 0.509765625 0.1455078125 0.1337890625
0 0.8583984375 0.6611328125 0.0546875 0.0771484375
0 0.09765625 0.2080078125 0.029296875 0.0419921875
0 0.50390625 0.7431640625 0.0498046875 0.052734375
0 0.1962890625 0.099609375 0.09765625 0.1318359375
0 0.3369140625 0.75 0.0439453125 0.056640625
0 0.8974609375 0.7392578125 0.0341796875 0.052734375
0 0.958984375 0.3974609375 0.03125 0.0546875
0 0.4033203125 0.25390625 0.029296875 0.041015625
0 0.3623046875 0.095703125 0.0390625 0.05859375
0 0.458984375 0.8564453125 0.064453125 0.08203125
0 0.0771484375 0.0556640625 0.037109375 0.0654296875