0 0.5791015625 0.1640625 0.099609375 0.1259765625
0 0.693359375 0.3828125 0.080078125 0.16015625
0 0.9150390625 0.3564453125 0.0556640625 0.154296875
0 0.8544921875 0.18359375 0.0947265625 0.2119140625
0 0.234375 0.6513671875 0.107421875 0.1376953125
0 0.3798828125 0.6005859375 0.0703125 0.0849609375
0 0.408203125 0.1708984375 0.1357421875 0.2490234375
0 0.5400390625 0.78125 0.1240234375 0.1494140625
0 0.638671875 0.6064453125 0.072265625 0.15625
0 0.783203125 0.5634765625 0.0625 0.140625
0 0.3505859375 0.4111328125 0.0625 0.08203125