0 0.3603515625 0.1767578125 0.03515625 0.052734375
0 0.4794921875 0.15625 0.0341796875 0.0634765625
0 0.4072265625 0.0478515625 0.0341796875 0.07421875
0 0.4697265625 0.056640625 0.03125 0.0546875
0 0.3564453125 0.2998046875 0.02734375 0.052734375
0 0.4287109375 0.353515625 0.03515625 0.037109375
0 0.5712890625 0.435546875 0.041015625 0.044921875
0 0.7880859375 0.666015625 0.103515625 0.166015625
0 0.6689453125 0.7978515625 0.13671875 0.1611328125
0 0.94140625 0.8916015625 0.0380859375 0.0830078125
0 0.4970703125 0.9365234375 0.0625 0.087890625
0 0.7265625 0.9384765625 0.04296875 0.0595703125
0 0.8916015625 0.296875 0.12890625 0.40625
0 0.7265625 0.2451171875 0.0849609375 0.1240234375
0 0.634765625 0.333984375 0.033203125 0.0654296875
0 0.9248046875 0.6357421875 0.041015625 0.056640625
0 0.857421875 0.890625 0.087890625 0.1875
0 0.27734375 0.6123046875 0.06640625 0.1044921875
0 0.3896484375 0.95703125 0.0576171875 0.0478515625