0 0.251953125 0.6640625 0.0517578125 0.109375
0 0.349609375 0.1591796875 0.072265625 0.138671875
0 0.501953125 0.2490234375 0.0458984375 0.0810546875
0 0.5927734375 0.1865234375 0.076171875 0.095703125
0 0.5302734375 0.4150390625 0.2041015625 0.1064453125
0 0.6357421875 0.6142578125 0.1015625 0.0751953125
0 0.458984375 0.6015625 0.0830078125 0.115234375
0 0.5546875 0.9248046875 0.1552734375 0.09375
0 0.48828125 0.103515625 0.0595703125 0.11328125
0 0.7392578125 0.4072265625 0.02734375 0.0966796875
0 0.0625 0.5888671875 0.0849609375 0.1064453125