0 0.2802734375 0.59765625 0.06640625 0.0830078125
0 0.427734375 0.7109375 0.0498046875 0.0751953125
0 0.509765625 0.7470703125 0.0517578125 0.0849609375
0 0.5224609375 0.373046875 0.0712890625 0.12109375
0 0.6474609375 0.4267578125 0.0380859375 0.0361328125
0 0.3154296875 0.2060546875 0.0498046875 0.0673828125
0 0.4482421875 0.177734375 0.1396484375 0.103515625
0 0.0947265625 0.212890625 0.1064453125 0.09375
0 0.3984375 0.4150390625 0.0810546875 0.119140625
0 0.8046875 0.33203125 0.0625 0.099609375
0 0.6025390625 0.1513671875 0.095703125 0.123046875