0 0.123046875 0.294921875 0.08203125 0.1005859375
0 0.10546875 0.5498046875 0.11328125 0.1181640625
0 0.2060546875 0.7216796875 0.0693359375 0.1220703125
0 0.40234375 0.74609375 0.10546875 0.171875
0 0.39453125 0.48828125 0.0654296875 0.091796875
0 0.5078125 0.6025390625 0.15234375 0.119140625
0 0.6103515625 0.7119140625 0.0458984375 0.0986328125
0 0.7578125 0.609375 0.0908203125 0.1640625
0 0.81640625 0.748046875 0.0380859375 0.0986328125
0 0.83203125 0.3310546875 0.0576171875 0.1171875
0 0.7646484375 0.474609375 0.052734375 0.05859375
0 0.876953125 0.5009765625 0.0947265625 0.1279296875
0 0.294921875 0.455078125 0.0615234375 0.07421875