0 0.076171875 0.8681640625 0.1005859375 0.166015625
0 0.1591796875 0.6806640625 0.056640625 0.123046875
0 0.220703125 0.578125 0.044921875 0.076171875
0 0.2314453125 0.7197265625 0.046875 0.109375
0 0.2529296875 0.84765625 0.0595703125 0.0859375
0 0.3076171875 0.654296875 0.0576171875 0.1552734375
0 0.470703125 0.7529296875 0.0576171875 0.1201171875
0 0.4033203125 0.62109375 0.0888671875 0.1513671875
0 0.3505859375 0.4130859375 0.1416015625 0.1611328125
0 0.3642578125 0.2646484375 0.0791015625 0.0771484375
0 0.658203125 0.5654296875 0.0478515625 0.0673828125
0 0.7998046875 0.611328125 0.0546875 0.1015625
0 0.8603515625 0.7197265625 0.0478515625 0.103515625
0 0.9169921875 0.9013671875 0.0986328125 0.142578125
0 0.7529296875 0.9130859375 0.1533203125 0.173828125
0 0.8212890625 0.34765625 0.2470703125 0.376953125
0 0.4482421875 0.1318359375 0.048828125 0.0712890625