0 0.8759765625 0.2158203125 0.1357421875 0.2880859375
0 0.6435546875 0.4345703125 0.1962890625 0.337890625
0 0.9091796875 0.701171875 0.1748046875 0.31640625
0 0.4716796875 0.591796875 0.072265625 0.09375
0 0.5498046875 0.81640625 0.10546875 0.1982421875
0 0.302734375 0.3642578125 0.1455078125 0.2626953125
0 0.4013671875 0.0537109375 0.0458984375 0.1005859375
0 0.1787109375 0.7421875 0.1455078125 0.1279296875
0 0.4130859375 0.935546875 0.087890625 0.1083984375
0 0.845703125 0.9423828125 0.0771484375 0.0986328125
0 0.1181640625 0.1796875 0.060546875 0.1201171875
0 0.1611328125 0.3544921875 0.0693359375 0.1181640625
0 0.802734375 0.4013671875 0.033203125 0.0849609375