0 0.044921875 0.279296875 0.0400390625 0.056640625
0 0.23046875 0.087890625 0.052734375 0.0751953125
0 0.1298828125 0.197265625 0.0615234375 0.08203125
0 0.244140625 0.2568359375 0.044921875 0.0625
0 0.3173828125 0.2470703125 0.07421875 0.099609375
0 0.2646484375 0.39453125 0.1142578125 0.1494140625
0 0.3984375 0.3994140625 0.0859375 0.146484375
0 0.4375 0.611328125 0.115234375 0.154296875
0 0.71484375 0.3447265625 0.087890625 0.189453125
0 0.146484375 0.466796875 0.0830078125 0.1376953125
0 0.951171875 0.203125 0.0849609375 0.1357421875
0 0.9609375 0.412109375 0.0634765625 0.1728515625
0 0.9453125 0.5986328125 0.099609375 0.1337890625
0 0.84765625 0.4287109375 0.08984375 0.19921875
0 0.5615234375 0.431640625 0.103515625 0.111328125
0 0.5498046875 0.626953125 0.0654296875 0.158203125
0 0.3857421875 0.1220703125 0.0888671875 0.12890625
0 0.2412109375 0.646484375 0.095703125 0.07421875
0 0.4287109375 0.7529296875 0.0546875 0.078125
0 0.556640625 0.7919921875 0.0458984375 0.0947265625
0 0.1357421875 0.3173828125 0.083984375 0.1162109375
0 0.10546875 0.083984375 0.056640625 0.109375
0 0.734375 0.1533203125 0.125 0.1044921875