0 0.2890625 0.3896484375 0.05859375 0.11328125
0 0.2216796875 0.5439453125 0.0234375 0.05078125
0 0.4482421875 0.7177734375 0.03125 0.04296875
0 0.23828125 0.44921875 0.02734375 0.07421875
0 0.30078125 0.54296875 0.025390625 0.046875
0 0.7685546875 0.626953125 0.0625 0.11328125
0 0.6337890625 0.623046875 0.05859375 0.109375
0 0.7177734375 0.7294921875 0.044921875 0.072265625
0 0.6806640625 0.822265625 0.048828125 0.083984375
0 0.79296875 0.4912109375 0.06640625 0.11328125
0 0.365234375 0.6279296875 0.0234375 0.05859375
0 0.3203125 0.6416015625 0.03125 0.08984375
0 0.3662109375 0.7236328125 0.025390625 0.0390625
0 0.267578125 0.7431640625 0.064453125 0.18359375
0 0.3955078125 0.3681640625 0.04296875 0.109375