0 0.34375 0.267578125 0.041015625 0.0625
0 0.8623046875 0.59375 0.056640625 0.095703125
0 0.4443359375 0.1806640625 0.0390625 0.06640625
0 0.291015625 0.201171875 0.056640625 0.0859375
0 0.34765625 0.5771484375 0.080078125 0.076171875
0 0.6123046875 0.3779296875 0.021484375 0.037109375
0 0.2001953125 0.6015625 0.048828125 0.0546875
0 0.677734375 0.2080078125 0.09375 0.09765625
0 0.265625 0.6611328125 0.076171875 0.06640625
0 0.3701171875 0.6884765625 0.068359375 0.060546875
0 0.84765625 0.7353515625 0.06640625 0.134765625
0 0.1875 0.228515625 0.048828125 0.0546875
0 0.509765625 0.3203125 0.12109375 0.072265625
0 0.5400390625 0.423828125 0.068359375 0.087890625
0 0.720703125 0.2978515625 0.150390625 0.05859375
0 0.79296875 0.16796875 0.068359375 0.060546875
0 0.552734375 0.216796875 0.126953125 0.091796875
0 0.224609375 0.3125 0.12109375 0.076171875
0 0.3173828125 0.8203125 0.080078125 0.052734375
0 0.3974609375 0.8662109375 0.048828125 0.09765625
0 0.630859375 0.8701171875 0.185546875 0.09375
0 0.529296875 0.572265625 0.095703125 0.0625