0 0.57421875 0.5908203125 0.052734375 0.091796875
0 0.2626953125 0.619140625 0.107421875 0.19921875
0 0.74609375 0.009765625 0.03515625 0.01953125
0 0.818359375 0.9130859375 0.037109375 0.072265625
0 0.154296875 0.6201171875 0.0625 0.107421875
0 0.7958984375 0.798828125 0.072265625 0.138671875
0 0.4833984375 0.013671875 0.041015625 0.02734375
0 0.6572265625 0.66796875 0.037109375 0.060546875
0 0.2685546875 0.787109375 0.029296875 0.05859375
0 0.8134765625 0.009765625 0.033203125 0.01953125
0 0.1123046875 0.0302734375 0.0390625 0.021484375
0 0.5478515625 0.677734375 0.04296875 0.060546875
0 0.4609375 0.412109375 0.05859375 0.080078125
0 0.423828125 0.017578125 0.080078125 0.033203125
0 0.8759765625 0.5244140625 0.03125 0.048828125
0 0.4541015625 0.0166015625 0.087890625 0.033203125
0 0.814453125 0.0224609375 0.04296875 0.044921875
0 0.140625 0.849609375 0.029296875 0.06640625
0 0.1640625 0.734375 0.025390625 0.041015625
0 0.1005859375 0.6181640625 0.025390625 0.052734375
0 0.724609375 0.5361328125 0.052734375 0.068359375