0 0.7939453125 0.44921875 0.04296875 0.08203125
0 0.4765625 0.5947265625 0.076171875 0.15625
0 0.548828125 0.146484375 0.0625 0.091796875
0 0.0732421875 0.0712890625 0.126953125 0.142578125
0 0.9765625 0.7041015625 0.041015625 0.09765625
0 0.9306640625 0.955078125 0.076171875 0.08984375
0 0.8193359375 0.0341796875 0.12890625 0.056640625
0 0.7578125 0.58984375 0.11328125 0.083984375
0 0.6787109375 0.671875 0.13671875 0.078125
0 0.583984375 0.7392578125 0.091796875 0.0546875
0 0.212890625 0.826171875 0.091796875 0.09765625
0 0.3798828125 0.9228515625 0.125 0.07421875
0 0.15625 0.544921875 0.11328125 0.06640625
0 0.51171875 0.05078125 0.138671875 0.080078125
0 0.2626953125 0.130859375 0.091796875 0.072265625
0 0.3544921875 0.8251953125 0.142578125 0.095703125
0 0.560546875 0.5751953125 0.078125 0.048828125