0 0.33203125 0.2880859375 0.0966796875 0.1328125
0 0.046875 0.626953125 0.05078125 0.0908203125
0 0.3359375 0.576171875 0.0849609375 0.08984375
0 0.6376953125 0.2734375 0.0859375 0.091796875
0 0.828125 0.28125 0.052734375 0.1103515625
0 0.4013671875 0.76953125 0.048828125 0.05078125
0 0.0771484375 0.7998046875 0.072265625 0.0927734375
0 0.931640625 0.2646484375 0.0927734375 0.1298828125
0 0.1689453125 0.9560546875 0.0908203125 0.078125
0 0.5087890625 0.7138671875 0.0556640625 0.078125
0 0.2265625 0.6357421875 0.109375 0.119140625
0 0.744140625 0.568359375 0.150390625 0.080078125
0 0.4111328125 0.71484375 0.08984375 0.0439453125
0 0.5771484375 0.5888671875 0.08203125 0.0771484375
0 0.1767578125 0.4501953125 0.0927734375 0.0615234375
0 0.4814453125 0.3017578125 0.060546875 0.03125
0 0.705078125 0.1494140625 0.0595703125 0.0595703125