0 0.2841796875 0.2529296875 0.06640625 0.0810546875
0 0.103515625 0.2734375 0.0302734375 0.0712890625
0 0.4306640625 0.1591796875 0.0634765625 0.046875
0 0.396484375 0.9326171875 0.056640625 0.05859375
0 0.06640625 0.5009765625 0.04296875 0.076171875
0 0.1484375 0.646484375 0.0908203125 0.0966796875
0 0.1630859375 0.2705078125 0.0341796875 0.048828125
0 0.701171875 0.55078125 0.2109375 0.12890625
0 0.3017578125 0.560546875 0.125 0.0810546875
0 0.47265625 0.2744140625 0.0625 0.0478515625
0 0.5341796875 0.232421875 0.1181640625 0.0908203125
0 0.6845703125 0.1630859375 0.15234375 0.1181640625
0 0.4150390625 0.8037109375 0.072265625 0.078125
0 0.5595703125 0.9345703125 0.072265625 0.03515625