0 0.84375 0.5859375 0.123046875 0.099609375
0 0.056640625 0.4541015625 0.06640625 0.115234375
0 0.7041015625 0.1728515625 0.091796875 0.08203125
0 0.015625 0.59765625 0.03125 0.13671875
0 0.2734375 0.8935546875 0.02734375 0.03125
0 0.98046875 0.8623046875 0.029296875 0.09765625
0 0.0791015625 0.693359375 0.078125 0.11328125
0 0.55078125 0.9248046875 0.05078125 0.07421875
0 0.349609375 0.18359375 0.0703125 0.064453125
0 0.5458984375 0.1787109375 0.076171875 0.109375
0 0.30859375 0.580078125 0.12890625 0.064453125
0 0.15234375 0.6025390625 0.080078125 0.046875
0 0.49609375 0.5595703125 0.068359375 0.048828125
0 0.7275390625 0.9111328125 0.083984375 0.0625
0 0.7626953125 0.70703125 0.099609375 0.046875
0 0.4951171875 0.44140625 0.0625 0.04296875