0 0.3251953125 0.2939453125 0.1015625 0.13671875
0 0.0517578125 0.642578125 0.0546875 0.091796875
0 0.3388671875 0.58203125 0.087890625 0.091796875
0 0.6298828125 0.2685546875 0.08984375 0.095703125
0 0.8203125 0.26953125 0.056640625 0.111328125
0 0.4111328125 0.7724609375 0.05078125 0.052734375
0 0.087890625 0.814453125 0.076171875 0.095703125
0 0.9228515625 0.25 0.09765625 0.1328125
0 0.185546875 0.962890625 0.09375 0.07421875
0 0.5166015625 0.7138671875 0.05859375 0.080078125
0 0.2314453125 0.6455078125 0.11328125 0.123046875
0 0.74609375 0.5595703125 0.15234375 0.0859375
0 0.4189453125 0.7177734375 0.091796875 0.046875
0 0.580078125 0.5859375 0.083984375 0.080078125
0 0.1748046875 0.4619140625 0.095703125 0.064453125
0 0.474609375 0.302734375 0.0625 0.033203125
0 0.6923828125 0.142578125 0.0625 0.0625