0 0.3818359375 0.24609375 0.08203125 0.146484375
0 0.171875 0.7666015625 0.0654296875 0.099609375
0 0.123046875 0.6064453125 0.0419921875 0.0751953125
0 0.4775390625 0.71875 0.0712890625 0.0771484375
0 0.6640625 0.2265625 0.068359375 0.0791015625
0 0.4892578125 0.576171875 0.0537109375 0.091796875
0 0.220703125 0.4521484375 0.0537109375 0.0537109375
0 0.306640625 0.5830078125 0.099609375 0.09375
0 0.3984375 0.5390625 0.1298828125 0.0810546875
0 0.5908203125 0.666015625 0.1220703125 0.0771484375
0 0.75390625 0.54296875 0.048828125 0.037109375
0 0.814453125 0.48046875 0.1103515625 0.0546875
0 0.4990234375 0.1845703125 0.0966796875 0.11328125
0 0.541015625 0.2802734375 0.052734375 0.060546875
0 0.3115234375 0.9501953125 0.08984375 0.09375
0 0.71875 0.1220703125 0.0400390625 0.0498046875