0 0.4306640625 0.5947265625 0.048828125 0.0888671875
0 0.7431640625 0.6064453125 0.09765625 0.1953125
0 0.228515625 0.0166015625 0.033203125 0.033203125
0 0.2041015625 0.9287109375 0.0341796875 0.0703125
0 0.8515625 0.6015625 0.0576171875 0.10546875
0 0.2197265625 0.8134765625 0.0654296875 0.1357421875
0 0.4912109375 0.013671875 0.0390625 0.02734375
0 0.3515625 0.67578125 0.033203125 0.0595703125
0 0.74609375 0.7744140625 0.0263671875 0.0576171875
0 0.16015625 0.0185546875 0.0322265625 0.037109375
0 0.8623046875 0.0107421875 0.037109375 0.0205078125
0 0.4619140625 0.6796875 0.0390625 0.0576171875
0 0.5341796875 0.41015625 0.0537109375 0.0771484375
0 0.55078125 0.0146484375 0.078125 0.029296875
0 0.1259765625 0.5439453125 0.0283203125 0.0478515625
0 0.5205078125 0.0146484375 0.0869140625 0.029296875
0 0.16015625 0.03125 0.0390625 0.0625
0 0.876953125 0.830078125 0.0263671875 0.0654296875
0 0.84765625 0.716796875 0.0224609375 0.0390625
0 0.9052734375 0.5966796875 0.0224609375 0.0517578125
0 0.27734375 0.5478515625 0.0498046875 0.06640625