0 0.20703125 0.4443359375 0.0419921875 0.08203125
0 0.521484375 0.5947265625 0.0732421875 0.1552734375
0 0.45703125 0.1455078125 0.060546875 0.0908203125
0 0.9345703125 0.076171875 0.1240234375 0.1474609375
0 0.01953125 0.6953125 0.0390625 0.09765625
0 0.0615234375 0.94921875 0.0751953125 0.0927734375
0 0.1884765625 0.0283203125 0.12890625 0.0546875
0 0.240234375 0.5849609375 0.111328125 0.0830078125
0 0.318359375 0.6689453125 0.134765625 0.0751953125
0 0.412109375 0.7373046875 0.091796875 0.052734375
0 0.78125 0.8310546875 0.0908203125 0.0966796875
0 0.6123046875 0.9248046875 0.123046875 0.0712890625
0 0.8427734375 0.55078125 0.1123046875 0.0654296875
0 0.49609375 0.05078125 0.1376953125 0.078125
0 0.744140625 0.134765625 0.0908203125 0.0703125
0 0.6396484375 0.828125 0.140625 0.0927734375
0 0.4384765625 0.57421875 0.078125 0.0478515625