0 0.7353515625 0.1748046875 0.0576171875 0.0888671875
0 0.7685546875 0.7890625 0.0380859375 0.0751953125
0 0.3779296875 0.240234375 0.068359375 0.1044921875
0 0.7802734375 0.2744140625 0.037109375 0.05859375
0 0.7109375 0.0810546875 0.0263671875 0.033203125
0 0.689453125 0.939453125 0.0224609375 0.041015625
0 0.65625 0.19140625 0.0341796875 0.05859375
0 0.7373046875 0.0146484375 0.037109375 0.029296875
0 0.6298828125 0.923828125 0.0498046875 0.080078125
0 0.32421875 0.791015625 0.0419921875 0.0634765625
0 0.505859375 0.2099609375 0.0302734375 0.0517578125
0 0.419921875 0.7705078125 0.1220703125 0.087890625
0 0.5390625 0.29296875 0.05078125 0.07421875
0 0.77734375 0.0224609375 0.0341796875 0.044921875
0 0.79296875 0.958984375 0.0654296875 0.0732421875
0 0.22265625 0.3056640625 0.04296875 0.087890625
0 0.677734375 0.783203125 0.0615234375 0.193359375
0 0.7666015625 0.8818359375 0.02734375 0.048828125
0 0.83984375 0.849609375 0.0283203125 0.080078125
0 0.3818359375 0.8564453125 0.0498046875 0.064453125
0 0.2802734375 0.9716796875 0.0322265625 0.0556640625
0 0.2060546875 0.75390625 0.0224609375 0.04296875
0 0.28515625 0.29296875 0.0341796875 0.0732421875
0 0.4287109375 0.1015625 0.052734375 0.0830078125
0 0.48828125 0.060546875 0.046875 0.1123046875
0 0.5634765625 0.17578125 0.04296875 0.0732421875
0 0.64453125 0.1103515625 0.056640625 0.0546875
0 0.626953125 0.033203125 0.021484375 0.04296875
0 0.470703125 0.83203125 0.029296875 0.037109375
0 0.58984375 0.783203125 0.0419921875 0.0546875