0 0.3564453125 0.259765625 0.037109375 0.060546875
0 0.8564453125 0.6123046875 0.0517578125 0.0927734375
0 0.4609375 0.177734375 0.0361328125 0.064453125
0 0.306640625 0.1904296875 0.0517578125 0.0830078125
0 0.34375 0.5693359375 0.0771484375 0.072265625
0 0.6181640625 0.3837890625 0.01953125 0.0361328125
0 0.1953125 0.5859375 0.0458984375 0.052734375
0 0.6923828125 0.2177734375 0.0888671875 0.09375
0 0.2578125 0.6484375 0.0732421875 0.0625
0 0.3603515625 0.681640625 0.0654296875 0.0576171875
0 0.8349609375 0.7529296875 0.060546875 0.1318359375
0 0.2021484375 0.212890625 0.046875 0.0517578125
0 0.51953125 0.3212890625 0.1171875 0.0654296875
0 0.5439453125 0.42578125 0.064453125 0.0849609375
0 0.7314453125 0.3095703125 0.1474609375 0.05078125
0 0.8095703125 0.18359375 0.06640625 0.0576171875
0 0.5673828125 0.2197265625 0.123046875 0.0859375
0 0.234375 0.2978515625 0.1171875 0.0703125
0 0.30078125 0.810546875 0.078125 0.048828125
0 0.37890625 0.8603515625 0.04296875 0.095703125
0 0.611328125 0.8759765625 0.181640625 0.0849609375
0 0.525390625 0.5732421875 0.091796875 0.05859375