0 0.7412109375 0.1787109375 0.05859375 0.08984375
0 0.763671875 0.7939453125 0.0390625 0.076171875
0 0.3828125 0.23828125 0.0703125 0.10546875
0 0.7841796875 0.279296875 0.0390625 0.05859375
0 0.7177734375 0.0849609375 0.02734375 0.033203125
0 0.681640625 0.9423828125 0.0234375 0.041015625
0 0.6611328125 0.1943359375 0.03515625 0.05859375
0 0.74609375 0.0185546875 0.037109375 0.029296875
0 0.6220703125 0.92578125 0.05078125 0.080078125
0 0.3193359375 0.7880859375 0.04296875 0.064453125
0 0.5107421875 0.2099609375 0.03125 0.052734375
0 0.4150390625 0.76953125 0.123046875 0.08984375
0 0.54296875 0.2939453125 0.052734375 0.07421875
0 0.78515625 0.02734375 0.03515625 0.044921875
0 0.78515625 0.962890625 0.06640625 0.07421875
0 0.2265625 0.30078125 0.044921875 0.087890625
0 0.6728515625 0.7861328125 0.064453125 0.1953125
0 0.759765625 0.88671875 0.02734375 0.048828125
0 0.833984375 0.85546875 0.029296875 0.080078125
0 0.3759765625 0.8544921875 0.05078125 0.064453125
0 0.2724609375 0.9677734375 0.033203125 0.056640625
0 0.2021484375 0.7490234375 0.0234375 0.04296875
0 0.2890625 0.2890625 0.03515625 0.07421875
0 0.435546875 0.1005859375 0.0546875 0.083984375
0 0.49609375 0.060546875 0.048828125 0.11328125
0 0.5693359375 0.1767578125 0.044921875 0.07421875
0 0.6513671875 0.11328125 0.056640625 0.056640625
0 0.634765625 0.03515625 0.021484375 0.04296875
0 0.46484375 0.8310546875 0.029296875 0.037109375
0 0.5849609375 0.78515625 0.04296875 0.0546875