0 0.630859375 0.2529296875 0.08984375 0.150390625
0 0.8134765625 0.783203125 0.0703125 0.103515625
0 0.87109375 0.6259765625 0.044921875 0.078125
0 0.5107421875 0.7197265625 0.076171875 0.080078125
0 0.3505859375 0.21875 0.072265625 0.08203125
0 0.5068359375 0.576171875 0.05859375 0.09375
0 0.78125 0.466796875 0.056640625 0.056640625
0 0.6884765625 0.5927734375 0.103515625 0.099609375
0 0.599609375 0.5439453125 0.134765625 0.087890625
0 0.400390625 0.6611328125 0.125 0.083984375
0 0.244140625 0.529296875 0.05078125 0.0390625
0 0.1865234375 0.4638671875 0.11328125 0.060546875
0 0.517578125 0.1845703125 0.1015625 0.119140625
0 0.470703125 0.2783203125 0.056640625 0.0625
0 0.6640625 0.955078125 0.09375 0.08984375
0 0.3017578125 0.111328125 0.04296875 0.052734375