0 0.8447265625 0.580078125 0.1220703125 0.09765625
0 0.0556640625 0.4619140625 0.064453125 0.11328125
0 0.6982421875 0.1689453125 0.0908203125 0.0810546875
0 0.0166015625 0.6064453125 0.033203125 0.13671875
0 0.2802734375 0.8974609375 0.02734375 0.03125
0 0.986328125 0.853515625 0.02734375 0.09765625
0 0.0830078125 0.7001953125 0.0771484375 0.111328125
0 0.55859375 0.923828125 0.048828125 0.07421875
0 0.34375 0.1865234375 0.0693359375 0.0634765625
0 0.5400390625 0.177734375 0.07421875 0.1083984375
0 0.3095703125 0.5830078125 0.1279296875 0.0625
0 0.154296875 0.6083984375 0.0791015625 0.0458984375
0 0.4970703125 0.5595703125 0.0673828125 0.0478515625
0 0.734375 0.9072265625 0.08203125 0.060546875
0 0.7666015625 0.7021484375 0.099609375 0.0458984375
0 0.494140625 0.44140625 0.0625 0.041015625