0 0.7197265625 0.2568359375 0.068359375 0.08203125
0 0.900390625 0.2802734375 0.03125 0.072265625
0 0.5751953125 0.16015625 0.064453125 0.048828125
0 0.595703125 0.9345703125 0.05859375 0.060546875
0 0.93359375 0.5087890625 0.044921875 0.076171875
0 0.8486328125 0.65234375 0.091796875 0.09765625
0 0.8408203125 0.2763671875 0.03515625 0.048828125
0 0.2978515625 0.546875 0.212890625 0.1328125
0 0.697265625 0.564453125 0.126953125 0.083984375
0 0.53125 0.275390625 0.0625 0.048828125
0 0.470703125 0.2314453125 0.119140625 0.09375
0 0.3212890625 0.16015625 0.154296875 0.12109375
0 0.580078125 0.8046875 0.07421875 0.080078125
0 0.4326171875 0.93359375 0.072265625 0.037109375