0 0.189453125 0.5029296875 0.0712890625 0.08203125
0 0.603515625 0.5673828125 0.0517578125 0.0712890625
0 0.3994140625 0.74609375 0.1162109375 0.326171875
0 0.474609375 0.3896484375 0.0966796875 0.12890625
0 0.5673828125 0.720703125 0.033203125 0.0830078125
0 0.322265625 0.34765625 0.0341796875 0.0615234375
0 0.1201171875 0.0146484375 0.0380859375 0.0283203125
0 0.181640625 0.31640625 0.0546875 0.0693359375
0 0.265625 0.3173828125 0.0458984375 0.1376953125
0 0.3447265625 0.453125 0.04296875 0.0498046875
0 0.1826171875 0.87890625 0.0615234375 0.1552734375
0 0.7578125 0.55078125 0.083984375 0.1455078125
0 0.5986328125 0.3466796875 0.0498046875 0.0732421875
0 0.4775390625 0.2958984375 0.025390625 0.0361328125
0 0.83984375 0.6005859375 0.0263671875 0.0830078125