0 0.810546875 0.4970703125 0.072265625 0.083984375
0 0.3974609375 0.5693359375 0.052734375 0.072265625
0 0.6044921875 0.744140625 0.12109375 0.328125
0 0.5234375 0.3896484375 0.099609375 0.130859375
0 0.4365234375 0.7216796875 0.03515625 0.083984375
0 0.6748046875 0.3447265625 0.03515625 0.0625
0 0.87109375 0.0107421875 0.0390625 0.021484375
0 0.8154296875 0.310546875 0.056640625 0.0703125
0 0.7314453125 0.3134765625 0.048828125 0.138671875
0 0.654296875 0.4501953125 0.04296875 0.05078125
0 0.82421875 0.873046875 0.064453125 0.15625
0 0.2431640625 0.5556640625 0.0859375 0.146484375
0 0.3984375 0.3486328125 0.05078125 0.07421875
0 0.5185546875 0.2958984375 0.025390625 0.037109375
0 0.162109375 0.6064453125 0.02734375 0.083984375