0 0.1064453125 0.271484375 0.02734375 0.0390625
0 0.021484375 0.482421875 0.04296875 0.091796875
0 0.1064453125 0.498046875 0.05078125 0.099609375
0 0.6630859375 0.5791015625 0.04296875 0.064453125
0 0.3681640625 0.5927734375 0.27734375 0.28125
0 0.98046875 0.4814453125 0.0390625 0.068359375
0 0.7734375 0.65625 0.115234375 0.125
0 0.3486328125 0.1962890625 0.083984375 0.080078125
0 0.974609375 0.3388671875 0.05078125 0.103515625
0 0.826171875 0.5244140625 0.029296875 0.05859375
0 0.759765625 0.4931640625 0.056640625 0.109375
0 0.900390625 0.453125 0.03125 0.080078125
0 0.59375 0.4482421875 0.04296875 0.068359375
0 0.470703125 0.419921875 0.052734375 0.060546875
0 0.58984375 0.6416015625 0.052734375 0.1015625
0 0.2021484375 0.875 0.048828125 0.072265625