0 0.8974609375 0.2783203125 0.0263671875 0.0390625
0 0.978515625 0.4912109375 0.041015625 0.0908203125
0 0.8935546875 0.5048828125 0.0498046875 0.0986328125
0 0.3359375 0.576171875 0.0419921875 0.064453125
0 0.6298828125 0.5947265625 0.2734375 0.27734375
0 0.01953125 0.47265625 0.0380859375 0.068359375
0 0.2236328125 0.6513671875 0.1123046875 0.123046875
0 0.65625 0.19921875 0.08203125 0.0791015625
0 0.0263671875 0.3310546875 0.052734375 0.103515625
0 0.173828125 0.5185546875 0.0283203125 0.0576171875
0 0.240234375 0.48828125 0.0556640625 0.1083984375
0 0.1005859375 0.4462890625 0.029296875 0.080078125
0 0.4072265625 0.4462890625 0.041015625 0.068359375
0 0.5302734375 0.4208984375 0.05078125 0.0595703125
0 0.4072265625 0.6396484375 0.0517578125 0.1005859375
0 0.791015625 0.8798828125 0.0478515625 0.072265625