0 0.119140625 0.4013671875 0.11328125 0.046875
0 0.318359375 0.2158203125 0.11328125 0.05078125
0 0.201171875 0.765625 0.232421875 0.080078125
0 0.4208984375 0.63671875 0.15625 0.06640625
0 0.4296875 0.4814453125 0.12890625 0.0390625
0 0.529296875 0.404296875 0.1328125 0.08203125
0 0.478515625 0.2900390625 0.1640625 0.078125
0 0.611328125 0.2578125 0.107421875 0.05859375
0 0.736328125 0.3759765625 0.109375 0.05078125
0 0.7333984375 0.298828125 0.08203125 0.04296875
0 0.4306640625 0.16796875 0.15625 0.05859375
0 0.1474609375 0.228515625 0.15234375 0.05078125
0 0.4912109375 0.5810546875 0.1171875 0.033203125