0 0.76171875 0.109375 0.0478515625 0.068359375
0 0.1630859375 0.232421875 0.0341796875 0.03515625
0 0.4931640625 0.814453125 0.0673828125 0.0703125
0 0.439453125 0.646484375 0.0537109375 0.09375
0 0.4013671875 0.80859375 0.048828125 0.099609375
0 0.5908203125 0.6533203125 0.04296875 0.048828125
0 0.6279296875 0.7578125 0.0634765625 0.064453125
0 0.63671875 0.845703125 0.0380859375 0.0703125
0 0.75 0.6796875 0.0390625 0.0498046875
0 0.505859375 0.083984375 0.0576171875 0.0859375
0 0.2216796875 0.3779296875 0.0498046875 0.064453125
0 0.2626953125 0.1962890625 0.03125 0.0498046875
0 0.2587890625 0.125 0.021484375 0.021484375
0 0.498046875 0.6240234375 0.0439453125 0.041015625
0 0.5517578125 0.7666015625 0.015625 0.03125
0 0.3642578125 0.720703125 0.025390625 0.033203125
0 0.3251953125 0.779296875 0.0244140625 0.0263671875
0 0.56640625 0.8505859375 0.0205078125 0.0380859375
0 0.52734375 0.89453125 0.0341796875 0.0380859375
0 0.7587890625 0.490234375 0.0390625 0.0439453125
0 0.734375 0.572265625 0.033203125 0.0341796875
0 0.8134765625 0.4169921875 0.0185546875 0.0283203125
0 0.6650390625 0.017578125 0.041015625 0.0341796875
0 0.7177734375 0.072265625 0.0244140625 0.0439453125
0 0.2724609375 0.6904296875 0.021484375 0.0302734375
0 0.359375 0.66796875 0.04296875 0.0390625
0 0.4130859375 0.736328125 0.0458984375 0.0380859375
0 0.4912109375 0.7314453125 0.0361328125 0.044921875
0 0.7294921875 0.783203125 0.017578125 0.0341796875
0 0.7080078125 0.84375 0.0224609375 0.048828125