0 0.517578125 0.6494140625 0.0361328125 0.0810546875
0 0.5380859375 0.8310546875 0.02734375 0.0751953125
0 0.5849609375 0.7998046875 0.0390625 0.052734375
0 0.375 0.66796875 0.080078125 0.103515625
0 0.4794921875 0.56640625 0.109375 0.046875
0 0.388671875 0.345703125 0.0341796875 0.0498046875
0 0.3203125 0.3076171875 0.029296875 0.0556640625
0 0.6396484375 0.20703125 0.0244140625 0.0556640625
0 0.6767578125 0.3369140625 0.025390625 0.029296875
0 0.71875 0.369140625 0.029296875 0.03515625
0 0.755859375 0.4775390625 0.0107421875 0.013671875
0 0.591796875 0.41796875 0.0546875 0.0380859375
0 0.5166015625 0.421875 0.0341796875 0.0625
0 0.7724609375 0.2626953125 0.0234375 0.052734375
0 0.791015625 0.453125 0.017578125 0.0419921875
0 0.6416015625 0.5947265625 0.0244140625 0.0576171875
0 0.64453125 0.7041015625 0.021484375 0.0322265625
0 0.57421875 0.65625 0.01171875 0.0068359375
0 0.6044921875 0.7138671875 0.0234375 0.0615234375
0 0.494140625 0.75390625 0.0244140625 0.09375
0 0.4580078125 0.6357421875 0.041015625 0.0498046875
0 0.4677734375 0.46875 0.02734375 0.072265625
0 0.5205078125 0.322265625 0.0302734375 0.0625
0 0.572265625 0.3037109375 0.0146484375 0.0498046875
0 0.5625 0.2216796875 0.0185546875 0.02734375
0 0.421875 0.8017578125 0.02734375 0.03515625
0 0.4931640625 0.8291015625 0.03515625 0.0478515625