0 0.4033203125 0.1689453125 0.10546875 0.130859375
0 0.30078125 0.3935546875 0.087890625 0.1640625
0 0.078125 0.3779296875 0.064453125 0.15625
0 0.1298828125 0.2021484375 0.10546875 0.216796875
0 0.7734375 0.6376953125 0.115234375 0.142578125
0 0.625 0.59375 0.07421875 0.087890625
0 0.57421875 0.1669921875 0.1484375 0.255859375
0 0.474609375 0.783203125 0.130859375 0.15625
0 0.3671875 0.61328125 0.080078125 0.16015625
0 0.220703125 0.578125 0.0703125 0.14453125
0 0.64453125 0.4033203125 0.06640625 0.0859375