0 0.6162109375 0.75 0.05078125 0.041015625
0 0.744140625 0.80078125 0.05078125 0.083984375
0 0.884765625 0.69140625 0.02734375 0.048828125
0 0.77734375 0.7236328125 0.029296875 0.044921875
0 0.3193359375 0.94140625 0.0625 0.072265625
0 0.3505859375 0.759765625 0.0234375 0.03125
0 0.6982421875 0.8720703125 0.021484375 0.029296875
0 0.6806640625 0.5732421875 0.037109375 0.04296875
0 0.61328125 0.814453125 0.025390625 0.02734375
0 0.373046875 0.8564453125 0.029296875 0.0390625
0 0.6064453125 0.5830078125 0.0546875 0.12109375
0 0.4111328125 0.7666015625 0.0234375 0.033203125
0 0.3818359375 0.708984375 0.037109375 0.044921875
0 0.767578125 0.626953125 0.0234375 0.033203125
0 0.4609375 0.8896484375 0.044921875 0.03125
0 0.916015625 0.9638671875 0.03125 0.037109375
0 0.404296875 0.2119140625 0.03125 0.02734375
0 0.673828125 0.34765625 0.046875 0.052734375
0 0.5830078125 0.28515625 0.109375 0.109375
0 0.86328125 0.7666015625 0.025390625 0.02734375
0 0.8134765625 0.8388671875 0.037109375 0.05078125
0 0.6474609375 0.4599609375 0.087890625 0.078125
0 0.5009765625 0.9404296875 0.1171875 0.064453125
0 0.4052734375 0.9287109375 0.068359375 0.04296875
0 0.47265625 0.2802734375 0.072265625 0.119140625
0 0.2724609375 0.22265625 0.169921875 0.095703125