0 0.1640625 0.4482421875 0.052734375 0.08203125
0 0.228515625 0.5166015625 0.0546875 0.076171875
0 0.3388671875 0.501953125 0.06640625 0.09765625
0 0.4873046875 0.4326171875 0.0859375 0.10546875
0 0.5810546875 0.4990234375 0.05078125 0.080078125
0 0.4384765625 0.2783203125 0.03125 0.041015625
0 0.3369140625 0.3798828125 0.0703125 0.0859375
0 0.4150390625 0.462890625 0.046875 0.1015625
0 0.1767578125 0.6240234375 0.08984375 0.1328125
0 0.072265625 0.486328125 0.033203125 0.03515625
0 0.091796875 0.6201171875 0.044921875 0.0703125
0 0.20703125 0.73828125 0.037109375 0.06640625
0 0.3193359375 0.8056640625 0.05078125 0.060546875
0 0.3076171875 0.8857421875 0.060546875 0.080078125
0 0.37109375 0.896484375 0.0234375 0.04296875
0 0.4638671875 0.9814453125 0.044921875 0.037109375
0 0.330078125 0.9833984375 0.0390625 0.033203125
0 0.169921875 0.91796875 0.033203125 0.044921875
0 0.2763671875 0.5673828125 0.029296875 0.0546875
0 0.3623046875 0.7158203125 0.033203125 0.037109375
0 0.6171875 0.2001953125 0.021484375 0.0234375
0 0.3115234375 0.041015625 0.03515625 0.048828125
0 0.7294921875 0.021484375 0.048828125 0.04296875
0 0.7822265625 0.2021484375 0.025390625 0.052734375
0 0.8857421875 0.205078125 0.037109375 0.04296875
0 0.9384765625 0.0146484375 0.033203125 0.029296875
0 0.5693359375 0.3974609375 0.02734375 0.03515625
0 0.6064453125 0.439453125 0.029296875 0.041015625
0 0.421875 0.3359375 0.03125 0.01953125
0 0.470703125 0.3408203125 0.03125 0.044921875
0 0.1005859375 0.837890625 0.029296875 0.04296875
0 0.9091796875 0.5146484375 0.04296875 0.044921875
0 0.2880859375 0.3134765625 0.02734375 0.0390625
0 0.09375 0.4482421875 0.03515625 0.046875
0 0.1279296875 0.4912109375 0.025390625 0.0390625