0 0.6083984375 0.310546875 0.076171875 0.06640625
0 0.53125 0.4736328125 0.04296875 0.044921875
0 0.560546875 0.5615234375 0.03125 0.0625
0 0.490234375 0.6396484375 0.03515625 0.048828125
0 0.5810546875 0.6630859375 0.037109375 0.04296875
0 0.4287109375 0.771484375 0.04296875 0.044921875
0 0.392578125 0.57421875 0.037109375 0.05078125
0 0.4150390625 0.501953125 0.03515625 0.041015625
0 0.3408203125 0.32421875 0.04296875 0.0546875
0 0.3447265625 0.1123046875 0.037109375 0.0625
0 0.2578125 0.1181640625 0.037109375 0.05078125
0 0.15234375 0.3642578125 0.0546875 0.06640625
0 0.22265625 0.42578125 0.0390625 0.0546875
0 0.2744140625 0.4169921875 0.033203125 0.064453125
0 0.2490234375 0.5693359375 0.0390625 0.048828125
0 0.255859375 0.49609375 0.037109375 0.05078125
0 0.1962890625 0.5390625 0.03515625 0.0390625
0 0.6171875 0.8681640625 0.048828125 0.060546875
0 0.6044921875 0.806640625 0.046875 0.0703125
0 0.501953125 0.8740234375 0.04296875 0.0546875
0 0.4375 0.8857421875 0.02734375 0.048828125
0 0.421875 0.94140625 0.025390625 0.037109375
0 0.4482421875 0.9814453125 0.037109375 0.03515625
0 0.2333984375 0.904296875 0.02734375 0.041015625
0 0.6044921875 0.5654296875 0.033203125 0.087890625
0 0.4765625 0.3447265625 0.05078125 0.0546875
0 0.525390625 0.287109375 0.052734375 0.05859375
0 0.4873046875 0.25 0.03125 0.03515625
0 0.6181640625 0.3681640625 0.03125 0.037109375
0 0.6787109375 0.3681640625 0.025390625 0.041015625
0 0.7919921875 0.283203125 0.037109375 0.044921875
0 0.646484375 0.453125 0.03125 0.056640625
0 0.5390625 0.375 0.01953125 0.0390625
0 0.44921875 0.44140625 0.037109375 0.05078125
0 0.3779296875 0.3818359375 0.033203125 0.056640625
0 0.5009765625 0.197265625 0.029296875 0.041015625
0 0.359375 0.1904296875 0.048828125 0.044921875
0 0.2646484375 0.2470703125 0.052734375 0.052734375
0 0.365234375 0.68359375 0.03515625 0.056640625