0 0.39453125 0.2431640625 0.068359375 0.0625
0 0.837890625 0.4033203125 0.07421875 0.0791015625
0 0.9375 0.6416015625 0.0556640625 0.0771484375
0 0.5263671875 0.9033203125 0.0458984375 0.041015625
0 0.0595703125 0.7255859375 0.0439453125 0.0859375
0 0.30859375 0.4453125 0.115234375 0.0947265625
0 0.982421875 0.099609375 0.03515625 0.078125
0 0.30859375 0.2958984375 0.0859375 0.0810546875
0 0.3310546875 0.609375 0.080078125 0.0673828125
0 0.5849609375 0.4677734375 0.0859375 0.0771484375
0 0.5673828125 0.404296875 0.0791015625 0.060546875
0 0.673828125 0.107421875 0.13671875 0.185546875
0 0.552734375 0.2099609375 0.0458984375 0.0537109375
0 0.4697265625 0.015625 0.0751953125 0.0302734375
0 0.419921875 0.830078125 0.0908203125 0.1044921875
0 0.427734375 0.689453125 0.0869140625 0.0986328125
0 0.95703125 0.8486328125 0.0712890625 0.109375
0 0.12890625 0.8837890625 0.021484375 0.0400390625
0 0.4775390625 0.5693359375 0.0546875 0.07421875
0 0.26171875 0.70703125 0.08984375 0.125
0 0.9384765625 0.2509765625 0.025390625 0.0361328125
0 0.552734375 0.12109375 0.0400390625 0.044921875
0 0.9892578125 0.3447265625 0.0205078125 0.06640625
0 0.6943359375 0.625 0.109375 0.052734375
0 0.701171875 0.5654296875 0.2080078125 0.05859375
0 0.5751953125 0.623046875 0.0810546875 0.0576171875
0 0.5869140625 0.7490234375 0.1669921875 0.12890625
0 0.158203125 0.1806640625 0.189453125 0.0693359375