0 0.732421875 0.533203125 0.0546875 0.1015625
0 0.484375 0.595703125 0.037109375 0.060546875
0 0.509765625 0.5146484375 0.05078125 0.0625
0 0.36328125 0.3564453125 0.033203125 0.041015625
0 0.279296875 0.1767578125 0.02734375 0.046875
0 0.451171875 0.4521484375 0.029296875 0.03125
0 0.6513671875 0.0966796875 0.056640625 0.09375
0 0.875 0.470703125 0.064453125 0.109375
0 0.8525390625 0.1591796875 0.03515625 0.056640625
0 0.55859375 0.8154296875 0.06640625 0.130859375
0 0.3251953125 0.76171875 0.052734375 0.123046875
0 0.2587890625 0.7412109375 0.060546875 0.095703125
0 0.2314453125 0.8671875 0.046875 0.091796875
0 0.130859375 0.71875 0.083984375 0.154296875
0 0.099609375 0.896484375 0.05859375 0.111328125
0 0.021484375 0.6826171875 0.04296875 0.072265625
0 0.037109375 0.935546875 0.044921875 0.099609375
0 0.6044921875 0.5283203125 0.078125 0.15234375
0 0.876953125 0.81640625 0.05078125 0.048828125
0 0.9111328125 0.884765625 0.037109375 0.05078125
0 0.83984375 0.71875 0.052734375 0.083984375
0 0.7890625 0.630859375 0.015625 0.037109375
0 0.888671875 0.3681640625 0.099609375 0.05859375