0 0.9453125 0.076171875 0.044921875 0.080078125
0 0.8544921875 0.1142578125 0.08984375 0.125
0 0.8759765625 0.28515625 0.05859375 0.072265625
0 0.7685546875 0.2822265625 0.052734375 0.08984375
0 0.705078125 0.3662109375 0.060546875 0.095703125
0 0.60546875 0.302734375 0.060546875 0.060546875
0 0.625 0.4453125 0.0390625 0.09375
0 0.43359375 0.4609375 0.12109375 0.14453125
0 0.50390625 0.2998046875 0.033203125 0.0625
0 0.4208984375 0.2646484375 0.052734375 0.03515625
0 0.5732421875 0.2353515625 0.021484375 0.044921875
0 0.333984375 0.3681640625 0.080078125 0.119140625
0 0.22265625 0.333984375 0.05859375 0.076171875
0 0.2060546875 0.23046875 0.03515625 0.060546875
0 0.154296875 0.3642578125 0.0625 0.150390625
0 0.0703125 0.3173828125 0.107421875 0.166015625
0 0.62109375 0.708984375 0.037109375 0.068359375
0 0.6220703125 0.59765625 0.041015625 0.099609375
0 0.728515625 0.6025390625 0.03515625 0.05078125
0 0.6904296875 0.73828125 0.03515625 0.060546875
0 0.6494140625 0.8330078125 0.056640625 0.05078125
0 0.6640625 0.9345703125 0.048828125 0.09375
0 0.83203125 0.6904296875 0.0546875 0.08203125
0 0.9326171875 0.51953125 0.03125 0.05859375
0 0.5146484375 0.7802734375 0.0390625 0.091796875
0 0.4892578125 0.6533203125 0.02734375 0.03515625
0 0.39453125 0.5810546875 0.037109375 0.068359375
0 0.244140625 0.5712890625 0.0234375 0.046875
0 0.3359375 0.7294921875 0.037109375 0.06640625
0 0.30859375 0.6142578125 0.033203125 0.064453125
0 0.359375 0.892578125 0.04296875 0.080078125
0 0.3359375 0.826171875 0.046875 0.046875
0 0.314453125 0.896484375 0.03125 0.060546875
0 0.220703125 0.8564453125 0.05078125 0.06640625
0 0.259765625 0.74609375 0.021484375 0.03125
0 0.48046875 0.921875 0.037109375 0.05078125
0 0.1044921875 0.123046875 0.03125 0.0546875
0 0.712890625 0.2724609375 0.041015625 0.064453125
0 0.48828125 0.708984375 0.041015625 0.060546875
0 0.796875 0.8115234375 0.041015625 0.091796875
0 0.7578125 0.751953125 0.046875 0.068359375
0 0.54296875 0.28515625 0.021484375 0.05078125