0 0.6494140625 0.626953125 0.083984375 0.111328125
0 0.1455078125 0.56640625 0.041015625 0.07421875
0 0.4482421875 0.3505859375 0.0546875 0.05859375
0 0.41015625 0.1904296875 0.05078125 0.064453125
0 0.0634765625 0.259765625 0.0546875 0.083984375
0 0.052734375 0.3525390625 0.01953125 0.02734375
0 0.173828125 0.283203125 0.046875 0.091796875
0 0.35546875 0.1240234375 0.0546875 0.029296875
0 0.5458984375 0.6005859375 0.048828125 0.064453125
0 0.5205078125 0.6845703125 0.048828125 0.078125
0 0.5234375 0.859375 0.044921875 0.109375
0 0.458984375 0.701171875 0.037109375 0.076171875
0 0.2880859375 0.65625 0.0625 0.05859375
0 0.2373046875 0.744140625 0.025390625 0.052734375
0 0.369140625 0.775390625 0.0390625 0.0703125
0 0.380859375 0.603515625 0.052734375 0.087890625
0 0.6884765625 0.8173828125 0.03125 0.046875
0 0.775390625 0.7021484375 0.052734375 0.08984375
0 0.7578125 0.5966796875 0.0390625 0.0625
0 0.8466796875 0.6162109375 0.03125 0.037109375
0 0.9228515625 0.65625 0.041015625 0.046875
0 0.84765625 0.689453125 0.025390625 0.033203125
0 0.98828125 0.8466796875 0.0234375 0.037109375
0 0.9541015625 0.900390625 0.041015625 0.044921875
0 0.73828125 0.875 0.044921875 0.072265625
0 0.5400390625 0.9599609375 0.044921875 0.078125
0 0.412109375 0.92578125 0.033203125 0.0390625
0 0.291015625 0.9775390625 0.07421875 0.044921875
0 0.18359375 0.95703125 0.04296875 0.044921875
0 0.0830078125 0.9560546875 0.01953125 0.037109375
0 0.4775390625 0.029296875 0.048828125 0.05859375
0 0.1953125 0.16015625 0.05078125 0.07421875
0 0.498046875 0.1630859375 0.03125 0.037109375
0 0.7822265625 0.2236328125 0.048828125 0.05078125
0 0.8408203125 0.392578125 0.03515625 0.037109375
0 0.96484375 0.42578125 0.046875 0.029296875
0 0.9052734375 0.447265625 0.02734375 0.05078125
0 0.462890625 0.4658203125 0.037109375 0.05078125
0 0.2607421875 0.4970703125 0.033203125 0.05078125
0 0.1923828125 0.427734375 0.025390625 0.041015625
0 0.015625 0.4501953125 0.02734375 0.056640625
0 0.6337890625 0.439453125 0.0390625 0.03125