0 0.279296875 0.4609375 0.08203125 0.12109375
0 0.384765625 0.6630859375 0.087890625 0.072265625
0 0.349609375 0.744140625 0.0390625 0.064453125
0 0.2109375 0.7451171875 0.044921875 0.06640625
0 0.154296875 0.7236328125 0.052734375 0.08203125
0 0.1328125 0.8994140625 0.080078125 0.109375
0 0.0556640625 0.66796875 0.05859375 0.083984375
0 0.0830078125 0.1083984375 0.07421875 0.091796875
0 0.431640625 0.3681640625 0.060546875 0.115234375
0 0.5732421875 0.4228515625 0.064453125 0.091796875
0 0.66015625 0.46875 0.0703125 0.087890625
0 0.7216796875 0.5859375 0.0546875 0.0859375
0 0.6220703125 0.6640625 0.05859375 0.103515625
0 0.712890625 0.7890625 0.0546875 0.0859375
0 0.6396484375 0.9541015625 0.052734375 0.076171875
0 0.5791015625 0.9501953125 0.041015625 0.08203125
0 0.7890625 0.8193359375 0.021484375 0.04296875
0 0.841796875 0.6015625 0.037109375 0.05859375
0 0.9111328125 0.9052734375 0.0625 0.083984375
0 0.9248046875 0.408203125 0.07421875 0.068359375
0 0.6943359375 0.33203125 0.060546875 0.072265625
0 0.4892578125 0.4609375 0.056640625 0.0625
0 0.4970703125 0.6484375 0.04296875 0.0625
0 0.220703125 0.5654296875 0.037109375 0.095703125
0 0.162109375 0.615234375 0.041015625 0.04296875
0 0.0556640625 0.3779296875 0.048828125 0.048828125
0 0.3779296875 0.185546875 0.0234375 0.048828125
0 0.466796875 0.2431640625 0.0234375 0.04296875
0 0.4619140625 0.15625 0.037109375 0.041015625
0 0.669921875 0.1806640625 0.048828125 0.044921875
0 0.72265625 0.2431640625 0.0390625 0.05859375
0 0.779296875 0.068359375 0.0390625 0.076171875
0 0.1962890625 0.109375 0.05859375 0.08203125
0 0.123046875 0.2275390625 0.05078125 0.078125
0 0.2177734375 0.328125 0.056640625 0.087890625
0 0.18359375 0.42578125 0.04296875 0.05859375
0 0.0947265625 0.484375 0.052734375 0.0859375