0 0.525390625 0.6484375 0.041015625 0.08203125
0 0.5556640625 0.828125 0.03125 0.076171875
0 0.6005859375 0.794921875 0.041015625 0.0546875
0 0.3837890625 0.673828125 0.0859375 0.107421875
0 0.4833984375 0.5673828125 0.111328125 0.052734375
0 0.380859375 0.3515625 0.037109375 0.05078125
0 0.310546875 0.3173828125 0.03125 0.056640625
0 0.6240234375 0.2001953125 0.02734375 0.056640625
0 0.66796875 0.328125 0.02734375 0.03125
0 0.7119140625 0.357421875 0.03125 0.037109375
0 0.75390625 0.4638671875 0.01171875 0.013671875
0 0.5869140625 0.4130859375 0.056640625 0.041015625
0 0.5126953125 0.4208984375 0.037109375 0.064453125
0 0.759765625 0.2490234375 0.025390625 0.0546875
0 0.7880859375 0.4375 0.01953125 0.04296875
0 0.646484375 0.5869140625 0.02734375 0.05859375
0 0.6552734375 0.6962890625 0.0234375 0.033203125
0 0.58203125 0.65234375 0.01171875 0.0078125
0 0.615234375 0.7080078125 0.02734375 0.0625
0 0.5078125 0.75390625 0.029296875 0.095703125
0 0.46484375 0.6376953125 0.04296875 0.052734375
0 0.4658203125 0.470703125 0.03125 0.07421875
0 0.5107421875 0.3212890625 0.033203125 0.064453125
0 0.5615234375 0.2998046875 0.017578125 0.05078125
0 0.5478515625 0.21875 0.01953125 0.02734375
0 0.4375 0.8056640625 0.029296875 0.037109375
0 0.5107421875 0.8291015625 0.037109375 0.048828125