0 0.263671875 0.1025390625 0.06640625 0.08984375
0 0.201171875 0.173828125 0.0576171875 0.0693359375
0 0.15234375 0.3115234375 0.052734375 0.05859375
0 0.2275390625 0.45703125 0.0595703125 0.076171875
0 0.2236328125 0.599609375 0.0283203125 0.0302734375
0 0.0634765625 0.5615234375 0.0341796875 0.05078125
0 0.0810546875 0.7294921875 0.0322265625 0.060546875
0 0.123046875 0.7646484375 0.0322265625 0.041015625
0 0.392578125 0.84765625 0.0517578125 0.095703125
0 0.7578125 0.5205078125 0.052734375 0.083984375
0 0.7158203125 0.287109375 0.0322265625 0.0869140625
0 0.65234375 0.103515625 0.0302734375 0.0751953125
0 0.5673828125 0.18359375 0.0341796875 0.056640625
0 0.5068359375 0.2001953125 0.0595703125 0.087890625
0 0.8525390625 0.033203125 0.0458984375 0.0517578125
0 0.9716796875 0.2939453125 0.0478515625 0.1005859375
0 0.5078125 0.515625 0.04296875 0.0908203125
0 0.4306640625 0.4921875 0.0458984375 0.044921875
0 0.2333984375 0.9306640625 0.068359375 0.0859375
0 0.173828125 0.96875 0.0771484375 0.0625
0 0.0166015625 0.9619140625 0.033203125 0.060546875
0 0.69140625 0.9736328125 0.0546875 0.0517578125
0 0.669921875 0.607421875 0.0380859375 0.0654296875
0 0.3212890625 0.259765625 0.0205078125 0.0390625
0 0.12890625 0.4296875 0.029296875 0.0419921875
0 0.7978515625 0.2880859375 0.0400390625 0.07421875
0 0.310546875 0.6708984375 0.03515625 0.0537109375