0 0.333984375 0.3330078125 0.091796875 0.140625
0 0.3212890625 0.7041015625 0.083984375 0.1171875
0 0.224609375 0.7646484375 0.052734375 0.078125
0 0.3369140625 0.8212890625 0.0546875 0.06640625
0 0.2177734375 0.890625 0.048828125 0.07421875
0 0.94921875 0.857421875 0.068359375 0.099609375
0 0.71484375 0.201171875 0.046875 0.06640625
0 0.5302734375 0.2529296875 0.03515625 0.05859375
0 0.421875 0.427734375 0.044921875 0.10546875
0 0.3056640625 0.4677734375 0.04296875 0.0546875
0 0.2666015625 0.578125 0.041015625 0.046875
0 0.4521484375 0.697265625 0.05859375 0.099609375
0 0.748046875 0.48046875 0.052734375 0.095703125
0 0.7626953125 0.0927734375 0.037109375 0.064453125
0 0.21875 0.185546875 0.04296875 0.078125
0 0.525390625 0.94140625 0.044921875 0.08203125
0 0.9951171875 0.2421875 0.009765625 0.05859375
0 0.49609375 0.611328125 0.029296875 0.046875
0 0.4921875 0.4990234375 0.025390625 0.046875