0 0.1640625 0.3037109375 0.03125 0.05078125
0 0.2197265625 0.326171875 0.037109375 0.06640625
0 0.255859375 0.3662109375 0.0234375 0.04296875
0 0.2314453125 0.4619140625 0.0390625 0.0390625
0 0.314453125 0.466796875 0.02734375 0.0546875
0 0.421875 0.505859375 0.046875 0.056640625
0 0.580078125 0.603515625 0.033203125 0.056640625
0 0.798828125 0.4306640625 0.0546875 0.060546875
0 0.7177734375 0.4697265625 0.037109375 0.06640625
0 0.623046875 0.6474609375 0.0234375 0.05078125
0 0.666015625 0.724609375 0.03515625 0.056640625
0 0.716796875 0.8486328125 0.03515625 0.072265625
0 0.638671875 0.8916015625 0.06640625 0.068359375
0 0.51953125 0.837890625 0.0390625 0.0546875
0 0.5283203125 0.76953125 0.02734375 0.05859375
0 0.4345703125 0.78125 0.02734375 0.041015625
0 0.4248046875 0.693359375 0.033203125 0.046875
0 0.4228515625 0.583984375 0.033203125 0.046875
0 0.3505859375 0.71875 0.025390625 0.01953125
0 0.263671875 0.775390625 0.0546875 0.091796875
0 0.1943359375 0.6484375 0.033203125 0.03515625
0 0.212890625 0.125 0.037109375 0.07421875
0 0.1220703125 0.2724609375 0.041015625 0.060546875
0 0.7080078125 0.1328125 0.03515625 0.04296875
0 0.388671875 0.8115234375 0.03515625 0.05078125
0 0.416015625 0.880859375 0.044921875 0.05078125
0 0.3369140625 0.83984375 0.03125 0.07421875
0 0.525390625 0.58984375 0.03515625 0.07421875
0 0.57421875 0.44140625 0.01953125 0.041015625
0 0.46484375 0.45703125 0.033203125 0.04296875
0 0.517578125 0.484375 0.02734375 0.04296875
0 0.626953125 0.4833984375 0.02734375 0.048828125
0 0.716796875 0.3671875 0.0390625 0.076171875
0 0.7744140625 0.29296875 0.015625 0.0234375
0 0.306640625 0.2509765625 0.02734375 0.041015625
0 0.2861328125 0.6953125 0.03515625 0.05859375
0 0.3095703125 0.7626953125 0.021484375 0.0390625
0 0.548828125 0.9345703125 0.03125 0.05859375
0 0.4111328125 0.94140625 0.0234375 0.03125