0 0.39453125 0.30859375 0.0751953125 0.064453125
0 0.46875 0.47265625 0.04296875 0.0439453125
0 0.4384765625 0.560546875 0.029296875 0.0625
0 0.5078125 0.6396484375 0.03515625 0.0478515625
0 0.416015625 0.662109375 0.037109375 0.0419921875
0 0.56640625 0.7724609375 0.0419921875 0.0439453125
0 0.6064453125 0.576171875 0.037109375 0.0498046875
0 0.5849609375 0.50390625 0.0341796875 0.041015625
0 0.662109375 0.3271484375 0.0419921875 0.0546875
0 0.662109375 0.115234375 0.03515625 0.0615234375
0 0.7490234375 0.1220703125 0.037109375 0.0498046875
0 0.849609375 0.3701171875 0.0537109375 0.0654296875
0 0.7783203125 0.4306640625 0.0380859375 0.0537109375
0 0.7265625 0.4208984375 0.03125 0.0634765625
0 0.75 0.5732421875 0.0380859375 0.0478515625
0 0.744140625 0.5 0.0361328125 0.05078125
0 0.802734375 0.5439453125 0.0341796875 0.0380859375
0 0.3759765625 0.8662109375 0.046875 0.0595703125
0 0.390625 0.8046875 0.044921875 0.0693359375
0 0.4912109375 0.8740234375 0.04296875 0.0537109375
0 0.5556640625 0.88671875 0.02734375 0.0478515625
0 0.5703125 0.9423828125 0.0244140625 0.037109375
0 0.54296875 0.982421875 0.0361328125 0.03515625
0 0.759765625 0.9091796875 0.02734375 0.0400390625
0 0.39453125 0.5634765625 0.03125 0.087890625
0 0.5263671875 0.3447265625 0.0498046875 0.0537109375
0 0.478515625 0.287109375 0.0517578125 0.0576171875
0 0.5166015625 0.25 0.0302734375 0.0341796875
0 0.3837890625 0.3662109375 0.03125 0.037109375
0 0.3232421875 0.365234375 0.0244140625 0.041015625
0 0.2119140625 0.2783203125 0.037109375 0.0439453125
0 0.3544921875 0.4501953125 0.029296875 0.056640625
0 0.462890625 0.3740234375 0.01953125 0.0390625
0 0.5517578125 0.4423828125 0.037109375 0.05078125
0 0.6240234375 0.3837890625 0.033203125 0.0556640625
0 0.50390625 0.197265625 0.029296875 0.0400390625
0 0.646484375 0.193359375 0.0478515625 0.044921875
0 0.7392578125 0.2509765625 0.0517578125 0.052734375
0 0.6318359375 0.685546875 0.03515625 0.0556640625