0 0.2578125 0.6728515625 0.0546875 0.111328125
0 0.337890625 0.1650390625 0.076171875 0.140625
0 0.4931640625 0.2490234375 0.048828125 0.08203125
0 0.58203125 0.18359375 0.080078125 0.09765625
0 0.52734375 0.4140625 0.20703125 0.11328125
0 0.6396484375 0.609375 0.103515625 0.078125
0 0.462890625 0.6025390625 0.087890625 0.1171875
0 0.5693359375 0.9228515625 0.158203125 0.099609375
0 0.474609375 0.1044921875 0.064453125 0.115234375
0 0.736328125 0.3994140625 0.03125 0.09765625
0 0.0654296875 0.6044921875 0.087890625 0.109375