0 0.1689453125 0.4248046875 0.046875 0.0791015625
0 0.2275390625 0.498046875 0.048828125 0.072265625
0 0.3388671875 0.490234375 0.0595703125 0.0927734375
0 0.4921875 0.431640625 0.080078125 0.099609375
0 0.5810546875 0.5048828125 0.0458984375 0.076171875
0 0.4541015625 0.2744140625 0.029296875 0.0390625
0 0.345703125 0.369140625 0.064453125 0.08203125
0 0.41796875 0.45703125 0.0400390625 0.0986328125
0 0.1689453125 0.6015625 0.08203125 0.1279296875
0 0.07421875 0.4560546875 0.03125 0.033203125
0 0.083984375 0.591796875 0.0400390625 0.0673828125
0 0.19140625 0.7177734375 0.033203125 0.0634765625
0 0.298828125 0.7919921875 0.0458984375 0.0576171875
0 0.28125 0.87109375 0.0556640625 0.0771484375
0 0.34375 0.88671875 0.021484375 0.041015625
0 0.431640625 0.98046875 0.04296875 0.0390625
0 0.2978515625 0.9755859375 0.0361328125 0.0400390625
0 0.1416015625 0.8935546875 0.029296875 0.0439453125
0 0.2724609375 0.5517578125 0.025390625 0.0537109375
0 0.34765625 0.7060546875 0.03125 0.03515625
0 0.6376953125 0.208984375 0.01953125 0.0224609375
0 0.34375 0.029296875 0.0322265625 0.0458984375
0 0.763671875 0.0341796875 0.044921875 0.048828125
0 0.802734375 0.22265625 0.0224609375 0.05078125
0 0.9052734375 0.232421875 0.0341796875 0.041015625
0 0.97265625 0.04296875 0.0302734375 0.037109375
0 0.576171875 0.40234375 0.0244140625 0.033203125
0 0.6103515625 0.447265625 0.0263671875 0.0390625
0 0.43359375 0.3310546875 0.0302734375 0.017578125
0 0.4814453125 0.3388671875 0.02734375 0.04296875
0 0.078125 0.8095703125 0.0263671875 0.0419921875
0 0.9072265625 0.54296875 0.0400390625 0.04296875
0 0.3017578125 0.298828125 0.025390625 0.037109375
0 0.0986328125 0.419921875 0.0322265625 0.044921875
0 0.1298828125 0.46484375 0.0224609375 0.0380859375