0 0.458984375 0.404296875 0.0634765625 0.0380859375
0 0.5908203125 0.34765625 0.0615234375 0.0400390625
0 0.5478515625 0.103515625 0.0546875 0.0478515625
0 0.6708984375 0.0537109375 0.052734375 0.0380859375
0 0.431640625 0.7890625 0.0673828125 0.0361328125
0 0.66015625 0.6435546875 0.0625 0.046875
0 0.349609375 0.5546875 0.0732421875 0.04296875
0 0.375 0.6015625 0.0390625 0.029296875
0 0.533203125 0.6494140625 0.0576171875 0.0595703125
0 0.4365234375 0.583984375 0.0615234375 0.0400390625
0 0.357421875 0.73828125 0.056640625 0.0390625
0 0.271484375 0.423828125 0.0703125 0.0380859375
0 0.1103515625 0.2998046875 0.0498046875 0.041015625
0 0.392578125 0.296875 0.0693359375 0.0458984375
0 0.6640625 0.810546875 0.064453125 0.0380859375
0 0.7783203125 0.8916015625 0.0546875 0.033203125
0 0.9072265625 0.787109375 0.0517578125 0.0498046875
0 0.9169921875 0.8935546875 0.060546875 0.041015625