0 0.8583984375 0.2880859375 0.04296875 0.056640625
0 0.4296875 0.3193359375 0.064453125 0.1015625
0 0.1318359375 0.6884765625 0.064453125 0.09765625
0 0.4658203125 0.734375 0.0546875 0.07421875
0 0.390625 0.9150390625 0.06640625 0.08984375
0 0.9169921875 0.79296875 0.044921875 0.0546875
0 0.796875 0.671875 0.041015625 0.041015625
0 0.76953125 0.748046875 0.033203125 0.037109375
0 0.7041015625 0.6845703125 0.048828125 0.06640625
0 0.482421875 0.916015625 0.044921875 0.06640625
0 0.21484375 0.25 0.025390625 0.05078125
0 0.6142578125 0.6103515625 0.056640625 0.0703125
0 0.8359375 0.38671875 0.0625 0.05078125
0 0.73828125 0.2646484375 0.02734375 0.044921875