0 0.0908203125 0.8017578125 0.041015625 0.087890625
0 0.7939453125 0.908203125 0.0703125 0.126953125
0 0.212890625 0.5234375 0.0361328125 0.052734375
0 0.23828125 0.3486328125 0.0439453125 0.076171875
0 0.4404296875 0.265625 0.06640625 0.0908203125
0 0.298828125 0.61328125 0.0859375 0.10546875
0 0.083984375 0.69921875 0.037109375 0.0810546875
0 0.1572265625 0.3291015625 0.0546875 0.0703125
0 0.67578125 0.556640625 0.0703125 0.1201171875
0 0.0693359375 0.462890625 0.0458984375 0.1279296875
0 0.025390625 0.6025390625 0.03515625 0.068359375
0 0.19140625 0.1572265625 0.0673828125 0.1123046875
0 0.5615234375 0.234375 0.060546875 0.0947265625
0 0.9423828125 0.8486328125 0.0791015625 0.150390625
0 0.212890625 0.6884765625 0.046875 0.0908203125
0 0.3369140625 0.3408203125 0.05078125 0.1591796875