0 0.71875 0.453125 0.078125 0.1181640625
0 0.62109375 0.6591796875 0.0859375 0.068359375
0 0.6591796875 0.73828125 0.037109375 0.0625
0 0.7978515625 0.7353515625 0.0419921875 0.0654296875
0 0.853515625 0.7109375 0.05078125 0.080078125
0 0.880859375 0.88671875 0.0771484375 0.107421875
0 0.9501953125 0.65234375 0.056640625 0.0830078125
0 0.9033203125 0.09375 0.0712890625 0.0888671875
0 0.5634765625 0.3662109375 0.056640625 0.1142578125
0 0.423828125 0.42578125 0.0615234375 0.08984375
0 0.3388671875 0.474609375 0.0673828125 0.0849609375
0 0.28125 0.59375 0.05078125 0.0849609375
0 0.3837890625 0.66796875 0.0556640625 0.1025390625
0 0.296875 0.7958984375 0.05078125 0.0849609375
0 0.3759765625 0.958984375 0.05078125 0.07421875
0 0.4365234375 0.953125 0.0380859375 0.080078125
0 0.22265625 0.8291015625 0.01953125 0.0419921875
0 0.162109375 0.61328125 0.03515625 0.0576171875
0 0.103515625 0.9189453125 0.0595703125 0.0810546875
0 0.072265625 0.4228515625 0.0712890625 0.06640625
0 0.2998046875 0.3388671875 0.05859375 0.0693359375
0 0.509765625 0.4609375 0.0537109375 0.060546875
0 0.5078125 0.6484375 0.041015625 0.0615234375
0 0.78125 0.5556640625 0.0341796875 0.09375
0 0.841796875 0.603515625 0.0390625 0.0419921875
0 0.939453125 0.3623046875 0.0478515625 0.046875
0 0.611328125 0.181640625 0.0224609375 0.048828125
0 0.5244140625 0.2421875 0.0224609375 0.04296875
0 0.5263671875 0.1552734375 0.03515625 0.0390625
0 0.3193359375 0.1865234375 0.0478515625 0.04296875
0 0.2685546875 0.2509765625 0.0361328125 0.0576171875
0 0.2060546875 0.078125 0.037109375 0.0751953125
0 0.7900390625 0.0986328125 0.0556640625 0.080078125
0 0.8671875 0.21484375 0.0478515625 0.076171875
0 0.7763671875 0.318359375 0.0537109375 0.0859375
0 0.8134765625 0.4150390625 0.0419921875 0.056640625
0 0.904296875 0.470703125 0.05078125 0.083984375