0 0.7529296875 0.61328125 0.046875 0.0732421875
0 0.8056640625 0.5498046875 0.05078125 0.05078125
0 0.7939453125 0.4814453125 0.0361328125 0.0458984375
0 0.873046875 0.4951171875 0.0166015625 0.0419921875
0 0.921875 0.638671875 0.0244140625 0.0302734375
0 0.8720703125 0.859375 0.0244140625 0.041015625
0 0.75390625 0.9365234375 0.029296875 0.0458984375
0 0.701171875 0.828125 0.0185546875 0.029296875
0 0.736328125 0.736328125 0.0185546875 0.025390625
0 0.6982421875 0.650390625 0.02734375 0.0302734375
0 0.26953125 0.6640625 0.048828125 0.1025390625
0 0.15234375 0.63671875 0.0458984375 0.0859375
0 0.0732421875 0.6865234375 0.0537109375 0.052734375
0 0.0166015625 0.7109375 0.033203125 0.0908203125
0 0.0185546875 0.841796875 0.037109375 0.05859375
0 0.076171875 0.9541015625 0.06640625 0.0908203125
0 0.2236328125 0.7939453125 0.0224609375 0.0400390625
0 0.31640625 0.908203125 0.0234375 0.0439453125
0 0.4296875 0.7099609375 0.029296875 0.0458984375
0 0.564453125 0.669921875 0.04296875 0.0615234375
0 0.5126953125 0.5927734375 0.025390625 0.0556640625
0 0.6142578125 0.5537109375 0.025390625 0.0546875
0 0.298828125 0.3525390625 0.029296875 0.0283203125
0 0.357421875 0.376953125 0.0263671875 0.056640625
0 0.3681640625 0.2880859375 0.0185546875 0.021484375
0 0.4765625 0.318359375 0.0234375 0.0400390625
0 0.544921875 0.36328125 0.0244140625 0.0400390625
0 0.462890625 0.361328125 0.01171875 0.0185546875
0 0.513671875 0.4580078125 0.0244140625 0.044921875
0 0.595703125 0.9013671875 0.0146484375 0.0400390625
0 0.568359375 0.734375 0.0166015625 0.0341796875
0 0.173828125 0.056640625 0.0224609375 0.025390625
0 0.2109375 0.1044921875 0.029296875 0.0478515625
0 0.1123046875 0.01953125 0.013671875 0.0322265625
0 0.04296875 0.08203125 0.005859375 0.017578125
0 0.0810546875 0.1533203125 0.03125 0.0283203125
0 0.146484375 0.31640625 0.02734375 0.0185546875
0 0.318359375 0.03125 0.017578125 0.037109375
0 0.8330078125 0.642578125 0.021484375 0.03125
0 0.888671875 0.6357421875 0.0205078125 0.033203125
0 0.7724609375 0.7880859375 0.017578125 0.0380859375
0 0.8359375 0.962890625 0.0146484375 0.015625
0 0.8505859375 0.8994140625 0.0126953125 0.033203125
0 0.3671875 0.86328125 0.025390625 0.029296875
0 0.318359375 0.763671875 0.0224609375 0.0380859375
0 0.3388671875 0.62109375 0.029296875 0.037109375
0 0.224609375 0.4638671875 0.0205078125 0.0244140625
0 0.08984375 0.505859375 0.0400390625 0.0302734375
0 0.65234375 0.7431640625 0.0234375 0.0576171875
0 0.439453125 0.607421875 0.017578125 0.04296875
0 0.498046875 0.6552734375 0.021484375 0.02734375
0 0.2890625 0.310546875 0.025390625 0.025390625
0 0.0986328125 0.3779296875 0.03515625 0.0556640625
0 0.4033203125 0.2099609375 0.0234375 0.0224609375
0 0.19140625 0.14453125 0.0224609375 0.044921875
0 0.1123046875 0.1025390625 0.05078125 0.0400390625
0 0.2099609375 0.05078125 0.015625 0.0263671875
0 0.2412109375 0.0244140625 0.021484375 0.033203125
0 0.4091796875 0.27734375 0.0234375 0.0263671875
0 0.470703125 0.1923828125 0.0244140625 0.041015625
0 0.5078125 0.275390625 0.04296875 0.029296875
0 0.150390625 0.75390625 0.0400390625 0.0439453125
0 0.1962890625 0.697265625 0.0283203125 0.0302734375
0 0.2783203125 0.87109375 0.037109375 0.0458984375
0 0.54296875 0.7734375 0.029296875 0.05078125