0 0.7431640625 0.609375 0.072265625 0.09765625
0 0.6591796875 0.083984375 0.083984375 0.154296875
0 0.318359375 0.64453125 0.046875 0.091796875
0 0.5380859375 0.599609375 0.09375 0.11328125
0 0.7568359375 0.787109375 0.078125 0.142578125
0 0.34375 0.1904296875 0.119140625 0.314453125
0 0.3251953125 0.8681640625 0.0390625 0.08203125
0 0.2734375 0.03515625 0.0703125 0.0703125
0 0.3994140625 0.5791015625 0.044921875 0.0859375
0 0.95703125 0.755859375 0.037109375 0.068359375
0 0.8046875 0.1162109375 0.05078125 0.091796875
0 0.7314453125 0.4404296875 0.068359375 0.09765625
0 0.3759765625 0.0869140625 0.046875 0.0703125
0 0.78515625 0.3515625 0.044921875 0.080078125
0 0.177734375 0.5615234375 0.03125 0.0546875
0 0.3642578125 0.4345703125 0.060546875 0.083984375
0 0.201171875 0.49609375 0.0390625 0.056640625
0 0.0791015625 0.572265625 0.048828125 0.07421875
0 0.59765625 0.771484375 0.119140625 0.193359375
0 0.4501953125 0.2529296875 0.0546875 0.076171875
0 0.212890625 0.0068359375 0.046875 0.013671875
0 0.9619140625 0.494140625 0.03125 0.0390625
0 0.5947265625 0.4130859375 0.10546875 0.166015625
0 0.6025390625 0.5537109375 0.0390625 0.0625