0 0.18359375 0.4423828125 0.060546875 0.08984375
0 0.677734375 0.7177734375 0.08203125 0.119140625
0 0.7763671875 0.7607421875 0.041015625 0.0703125
0 0.8828125 0.755859375 0.05078125 0.048828125
0 0.833984375 0.826171875 0.037109375 0.060546875
0 0.7197265625 0.9423828125 0.05859375 0.064453125
0 0.3671875 0.7578125 0.05078125 0.0703125
0 0.33203125 0.6572265625 0.037109375 0.072265625
0 0.77734375 0.1982421875 0.0546875 0.11328125
0 0.720703125 0.173828125 0.037109375 0.072265625
0 0.7060546875 0.2998046875 0.0546875 0.095703125
0 0.642578125 0.2451171875 0.04296875 0.07421875
0 0.53125 0.126953125 0.04296875 0.072265625
0 0.765625 0.4462890625 0.041015625 0.056640625
0 0.8466796875 0.5673828125 0.03515625 0.060546875
0 0.9326171875 0.431640625 0.05859375 0.0703125
0 0.9345703125 0.3603515625 0.044921875 0.07421875
0 0.986328125 0.24609375 0.02734375 0.0859375
0 0.9111328125 0.6484375 0.037109375 0.123046875
0 0.650390625 0.5693359375 0.09375 0.1015625
0 0.2705078125 0.5126953125 0.04296875 0.083984375
0 0.314453125 0.552734375 0.05078125 0.09375
0 0.34765625 0.46484375 0.076171875 0.08203125
0 0.4091796875 0.45703125 0.0390625 0.064453125
0 0.5185546875 0.6162109375 0.080078125 0.060546875
0 0.4912109375 0.7021484375 0.03515625 0.05859375
0 0.53515625 0.6826171875 0.029296875 0.05078125
0 0.126953125 0.7666015625 0.029296875 0.056640625
0 0.185546875 0.6005859375 0.03515625 0.060546875
0 0.3193359375 0.25390625 0.02734375 0.03515625
0 0.34765625 0.2138671875 0.037109375 0.060546875
0 0.431640625 0.140625 0.0546875 0.060546875
0 0.7724609375 0.630859375 0.076171875 0.09375
0 0.90625 0.5146484375 0.02734375 0.0390625
0 0.01953125 0.693359375 0.02734375 0.033203125
0 0.1591796875 0.3759765625 0.029296875 0.03125
0 0.275390625 0.2158203125 0.037109375 0.046875
0 0.3212890625 0.0390625 0.025390625 0.0390625
0 0.5556640625 0.78125 0.029296875 0.07421875
0 0.8310546875 0.64453125 0.0234375 0.0546875
0 0.603515625 0.1904296875 0.029296875 0.0546875