0 0.0400390625 0.091796875 0.0419921875 0.0791015625
0 0.1318359375 0.126953125 0.0849609375 0.1220703125
0 0.1171875 0.298828125 0.056640625 0.0712890625
0 0.2236328125 0.2919921875 0.048828125 0.087890625
0 0.2900390625 0.373046875 0.0576171875 0.0947265625
0 0.3876953125 0.306640625 0.0576171875 0.05859375
0 0.373046875 0.4501953125 0.0361328125 0.091796875
0 0.5654296875 0.458984375 0.1162109375 0.1396484375
0 0.4892578125 0.2998046875 0.0302734375 0.0615234375
0 0.5712890625 0.26171875 0.05078125 0.033203125
0 0.41796875 0.23828125 0.0205078125 0.0439453125
0 0.6611328125 0.3623046875 0.076171875 0.1171875
0 0.771484375 0.32421875 0.056640625 0.0751953125
0 0.7841796875 0.220703125 0.033203125 0.05859375
0 0.8408203125 0.3525390625 0.056640625 0.1494140625
0 0.9228515625 0.302734375 0.1025390625 0.162109375
0 0.38671875 0.712890625 0.03515625 0.06640625
0 0.3818359375 0.6015625 0.037109375 0.0986328125
0 0.275390625 0.6103515625 0.0341796875 0.048828125
0 0.318359375 0.7451171875 0.0322265625 0.0595703125
0 0.3623046875 0.837890625 0.0556640625 0.048828125
0 0.3515625 0.9404296875 0.0458984375 0.091796875
0 0.1748046875 0.7021484375 0.052734375 0.080078125
0 0.068359375 0.5341796875 0.0283203125 0.05859375
0 0.4951171875 0.7802734375 0.0361328125 0.0908203125
0 0.515625 0.6533203125 0.025390625 0.03515625
0 0.6083984375 0.5771484375 0.03515625 0.0673828125
0 0.7578125 0.5625 0.0224609375 0.046875
0 0.671875 0.7236328125 0.03515625 0.0654296875
0 0.6953125 0.607421875 0.0302734375 0.0634765625
0 0.654296875 0.8876953125 0.041015625 0.078125
0 0.67578125 0.8203125 0.0458984375 0.044921875
0 0.69921875 0.8896484375 0.0283203125 0.0595703125
0 0.7919921875 0.8466796875 0.0478515625 0.064453125
0 0.7490234375 0.7373046875 0.01953125 0.0302734375
0 0.5341796875 0.9208984375 0.0361328125 0.0498046875
0 0.8818359375 0.109375 0.0302734375 0.0537109375
0 0.279296875 0.2802734375 0.0390625 0.0634765625
0 0.5185546875 0.7080078125 0.0380859375 0.0595703125
0 0.2138671875 0.8212890625 0.037109375 0.0908203125
0 0.2509765625 0.7607421875 0.0439453125 0.0673828125
0 0.44921875 0.287109375 0.0205078125 0.05078125