0 0.5302734375 0.5498046875 0.056640625 0.07421875
0 0.4951171875 0.6826171875 0.0859375 0.08984375
0 0.431640625 0.7939453125 0.1484375 0.115234375
0 0.3056640625 0.9228515625 0.103515625 0.08984375
0 0.3828125 0.5712890625 0.05078125 0.076171875
0 0.50390625 0.9560546875 0.08203125 0.068359375
0 0.1748046875 0.826171875 0.078125 0.07421875
0 0.0263671875 0.5849609375 0.0390625 0.0390625
0 0.8232421875 0.3076171875 0.16796875 0.20703125
0 0.1708984375 0.650390625 0.0546875 0.12890625
0 0.4365234375 0.515625 0.046875 0.060546875
0 0.6806640625 0.51953125 0.12890625 0.1171875
0 0.064453125 0.6552734375 0.0703125 0.0703125