0 0.517578125 0.322265625 0.05859375 0.095703125
0 0.673828125 0.365234375 0.109375 0.1484375
0 0.47265625 0.77734375 0.064453125 0.1328125
0 0.5859375 0.5693359375 0.04296875 0.06640625
0 0.6337890625 0.6279296875 0.05078125 0.11328125
0 0.576171875 0.1962890625 0.04296875 0.078125
0 0.4697265625 0.4560546875 0.060546875 0.08984375
0 0.0888671875 0.8134765625 0.03515625 0.064453125
0 0.3955078125 0.287109375 0.033203125 0.0625
0 0.841796875 0.009765625 0.03515625 0.01953125
0 0.5166015625 0.01953125 0.099609375 0.0390625
0 0.2939453125 0.4775390625 0.048828125 0.064453125
0 0.5751953125 0.8076171875 0.056640625 0.078125
0 0.48828125 0.6533203125 0.05078125 0.130859375