0 0.7919921875 0.8505859375 0.0517578125 0.03515625
0 0.8603515625 0.8759765625 0.064453125 0.060546875
0 0.88671875 0.818359375 0.0849609375 0.05078125
0 0.6748046875 0.6064453125 0.0361328125 0.021484375
0 0.5908203125 0.619140625 0.11328125 0.0703125
0 0.623046875 0.5390625 0.1552734375 0.064453125
0 0.482421875 0.548828125 0.0673828125 0.0546875
0 0.4931640625 0.625 0.0517578125 0.048828125
0 0.447265625 0.705078125 0.044921875 0.0185546875
0 0.5439453125 0.69140625 0.0517578125 0.044921875
0 0.650390625 0.69140625 0.037109375 0.03125
0 0.880859375 0.458984375 0.0361328125 0.0283203125
0 0.96875 0.513671875 0.037109375 0.0302734375
0 0.8857421875 0.5771484375 0.0224609375 0.0244140625
0 0.63671875 0.28515625 0.029296875 0.029296875
0 0.5771484375 0.34375 0.056640625 0.0234375
0 0.240234375 0.4619140625 0.03125 0.0244140625
0 0.0283203125 0.56640625 0.0517578125 0.0419921875
0 0.0400390625 0.6279296875 0.03515625 0.029296875
0 0.1943359375 0.6826171875 0.0615234375 0.0380859375
0 0.208984375 0.7421875 0.037109375 0.025390625
0 0.1474609375 0.82421875 0.0390625 0.0322265625
0 0.3671875 0.8740234375 0.0458984375 0.0322265625
0 0.4375 0.6328125 0.02734375 0.0234375
0 0.4345703125 0.59375 0.029296875 0.0263671875
0 0.376953125 0.5576171875 0.021484375 0.0185546875
0 0.30078125 0.609375 0.0390625 0.0224609375
0 0.376953125 0.5283203125 0.03515625 0.0205078125
0 0.4873046875 0.4755859375 0.0390625 0.0185546875
0 0.0517578125 0.38671875 0.048828125 0.01953125
0 0.5361328125 0.2763671875 0.083984375 0.0244140625
0 0.6767578125 0.6669921875 0.0380859375 0.0126953125
0 0.9287109375 0.90625 0.0693359375 0.0478515625
0 0.9462890625 0.6396484375 0.056640625 0.05078125