0 0.904296875 0.8896484375 0.109375 0.171875
0 0.8310546875 0.6982421875 0.0625 0.125
0 0.7744140625 0.5927734375 0.048828125 0.078125
0 0.7568359375 0.7333984375 0.052734375 0.111328125
0 0.728515625 0.8603515625 0.064453125 0.08984375
0 0.68359375 0.6640625 0.06640625 0.158203125
0 0.515625 0.75390625 0.064453125 0.123046875
0 0.58984375 0.6259765625 0.095703125 0.15625
0 0.6533203125 0.4208984375 0.150390625 0.16796875
0 0.6474609375 0.2724609375 0.083984375 0.08203125
0 0.3388671875 0.556640625 0.05078125 0.0703125
0 0.1943359375 0.595703125 0.060546875 0.103515625
0 0.12890625 0.7001953125 0.052734375 0.10546875
0 0.0625 0.87890625 0.10546875 0.1484375
0 0.2255859375 0.8994140625 0.162109375 0.181640625
0 0.1875 0.3310546875 0.265625 0.388671875
0 0.5712890625 0.134765625 0.052734375 0.07421875