0 0.6103515625 0.2451171875 0.0703125 0.064453125
0 0.1640625 0.3974609375 0.076171875 0.080078125
0 0.060546875 0.6337890625 0.056640625 0.078125
0 0.466796875 0.90234375 0.046875 0.041015625
0 0.9365234375 0.7333984375 0.044921875 0.0859375
0 0.6923828125 0.4482421875 0.1171875 0.09765625
0 0.0244140625 0.0908203125 0.037109375 0.078125
0 0.6953125 0.298828125 0.087890625 0.08203125
0 0.6669921875 0.6123046875 0.08203125 0.068359375
0 0.416015625 0.4658203125 0.087890625 0.078125
0 0.4345703125 0.4033203125 0.080078125 0.0625
0 0.3330078125 0.1044921875 0.140625 0.1875
0 0.4521484375 0.208984375 0.046875 0.0546875
0 0.5390625 0.0166015625 0.076171875 0.03125
0 0.57421875 0.8310546875 0.091796875 0.10546875
0 0.5693359375 0.6904296875 0.087890625 0.099609375
0 0.037109375 0.8408203125 0.072265625 0.111328125
0 0.8642578125 0.890625 0.021484375 0.041015625
0 0.521484375 0.5693359375 0.056640625 0.07421875
0 0.734375 0.7109375 0.091796875 0.126953125
0 0.06640625 0.2431640625 0.025390625 0.037109375
0 0.4541015625 0.1201171875 0.041015625 0.044921875
0 0.013671875 0.3359375 0.021484375 0.06640625
0 0.3037109375 0.6220703125 0.109375 0.0546875
0 0.2978515625 0.5615234375 0.208984375 0.0625
0 0.4228515625 0.6220703125 0.08203125 0.05859375
0 0.4091796875 0.7470703125 0.169921875 0.130859375
0 0.84765625 0.1865234375 0.19140625 0.072265625