0 0.3564453125 0.173828125 0.03125 0.064453125
0 0.1796875 0.154296875 0.060546875 0.087890625
0 0.138671875 0.2451171875 0.03515625 0.052734375
0 0.1142578125 0.357421875 0.037109375 0.037109375
0 0.17578125 0.3701171875 0.03125 0.0546875
0 0.10546875 0.501953125 0.02734375 0.09375
0 0.1171875 0.68359375 0.037109375 0.056640625
0 0.173828125 0.7578125 0.048828125 0.119140625
0 0.201171875 0.8701171875 0.0390625 0.072265625
0 0.1787109375 0.9443359375 0.0234375 0.03515625
0 0.1142578125 0.83984375 0.01953125 0.04296875
0 0.2548828125 0.9912109375 0.025390625 0.017578125
0 0.201171875 0.984375 0.03515625 0.03125
0 0.2744140625 0.923828125 0.044921875 0.03125
0 0.34765625 0.9677734375 0.04296875 0.064453125
0 0.3935546875 0.96875 0.04296875 0.0625
0 0.4443359375 0.9326171875 0.048828125 0.064453125
0 0.4892578125 0.9775390625 0.037109375 0.044921875
0 0.6181640625 0.95703125 0.046875 0.06640625
0 0.57421875 0.9794921875 0.01953125 0.037109375
0 0.5380859375 0.9609375 0.02734375 0.037109375
0 0.697265625 0.86328125 0.037109375 0.083984375
0 0.6611328125 0.8740234375 0.037109375 0.10546875
0 0.61328125 0.8857421875 0.0390625 0.06640625
0 0.763671875 0.8271484375 0.037109375 0.048828125
0 0.7509765625 0.904296875 0.04296875 0.06640625
0 0.7197265625 0.7685546875 0.056640625 0.05078125
0 0.736328125 0.8515625 0.01953125 0.03125
0 0.66015625 0.7880859375 0.01953125 0.02734375
0 0.7509765625 0.6435546875 0.029296875 0.046875
0 0.7490234375 0.330078125 0.0234375 0.03125
0 0.767578125 0.240234375 0.0234375 0.0234375
0 0.828125 0.259765625 0.01953125 0.0390625
0 0.7294921875 0.4150390625 0.0234375 0.025390625
0 0.685546875 0.40625 0.021484375 0.05078125
0 0.6533203125 0.3291015625 0.03125 0.0390625
0 0.5751953125 0.0771484375 0.0625 0.0703125
0 0.615234375 0.1767578125 0.04296875 0.08203125
0 0.6689453125 0.1572265625 0.041015625 0.044921875
0 0.66015625 0.099609375 0.025390625 0.044921875
0 0.640625 0.052734375 0.029296875 0.041015625
0 0.5380859375 0.0126953125 0.037109375 0.025390625
0 0.353515625 0.0380859375 0.04296875 0.033203125
0 0.0947265625 0.0703125 0.037109375 0.0625
0 0.0234375 0.12890625 0.03125 0.060546875
0 0.8427734375 0.0927734375 0.0546875 0.044921875