0 0.4765625 0.3232421875 0.0546875 0.0947265625
0 0.3212890625 0.37109375 0.103515625 0.14453125
0 0.537109375 0.7763671875 0.060546875 0.130859375
0 0.4169921875 0.572265625 0.041015625 0.0654296875
0 0.37109375 0.6328125 0.046875 0.1123046875
0 0.4130859375 0.19921875 0.041015625 0.076171875
0 0.5283203125 0.455078125 0.0576171875 0.087890625
0 0.921875 0.798828125 0.033203125 0.0634765625
0 0.5966796875 0.283203125 0.0302734375 0.0615234375
0 0.1416015625 0.0166015625 0.0341796875 0.0322265625
0 0.4658203125 0.01953125 0.09765625 0.0390625
0 0.705078125 0.470703125 0.0458984375 0.0625
0 0.435546875 0.8095703125 0.0546875 0.0771484375
0 0.5166015625 0.6533203125 0.0458984375 0.12890625