0 0.70703125 0.1201171875 0.060546875 0.09765625
0 0.1474609375 0.8154296875 0.0625 0.083984375
0 0.095703125 0.669921875 0.072265625 0.12109375
0 0.484375 0.861328125 0.056640625 0.076171875
0 0.630859375 0.625 0.0546875 0.08203125
0 0.3828125 0.0419921875 0.103515625 0.080078125
0 0.865234375 0.064453125 0.0703125 0.12890625
0 0.8046875 0.830078125 0.123046875 0.162109375
0 0.2822265625 0.1875 0.0546875 0.09375
0 0.3251953125 0.796875 0.04296875 0.07421875
0 0.015625 0.0625 0.03125 0.09375
0 0.3154296875 0.908203125 0.056640625 0.076171875
0 0.115234375 0.49609375 0.05859375 0.076171875
0 0.7822265625 0.55078125 0.052734375 0.125
0 0.548828125 0.0166015625 0.05859375 0.033203125
0 0.05859375 0.9775390625 0.0703125 0.044921875
0 0.185546875 0.26953125 0.064453125 0.095703125
0 0.1962890625 0.974609375 0.072265625 0.05078125
0 0.748046875 0.015625 0.06640625 0.03125
0 0.0224609375 0.2080078125 0.044921875 0.091796875
0 0.935546875 0.1923828125 0.048828125 0.09375
0 0.0732421875 0.921875 0.04296875 0.060546875
0 0.7041015625 0.3544921875 0.0390625 0.0703125
0 0.60546875 0.3974609375 0.060546875 0.099609375
0 0.7880859375 0.3994140625 0.080078125 0.099609375
0 0.8818359375 0.4697265625 0.05859375 0.072265625
0 0.6318359375 0.9267578125 0.091796875 0.08203125
0 0.3720703125 0.685546875 0.091796875 0.08984375
0 0.5439453125 0.2919921875 0.1328125 0.125
0 0.3232421875 0.41015625 0.07421875 0.083984375
0 0.423828125 0.50390625 0.142578125 0.0859375