0 0.224609375 0.119140625 0.05078125 0.0703125
0 0.8271484375 0.220703125 0.03515625 0.037109375
0 0.517578125 0.814453125 0.0703125 0.072265625
0 0.5654296875 0.64453125 0.056640625 0.095703125
0 0.609375 0.8046875 0.052734375 0.1015625
0 0.4150390625 0.65625 0.044921875 0.05078125
0 0.380859375 0.76171875 0.06640625 0.06640625
0 0.375 0.8505859375 0.041015625 0.072265625
0 0.2568359375 0.6884765625 0.041015625 0.05078125
0 0.4794921875 0.083984375 0.060546875 0.087890625
0 0.7734375 0.3681640625 0.052734375 0.06640625
0 0.7265625 0.1884765625 0.033203125 0.05078125
0 0.7275390625 0.1171875 0.021484375 0.021484375
0 0.505859375 0.6240234375 0.044921875 0.04296875
0 0.4580078125 0.7685546875 0.017578125 0.03125
0 0.6435546875 0.7158203125 0.02734375 0.033203125
0 0.6845703125 0.7734375 0.025390625 0.02734375
0 0.4462890625 0.8525390625 0.021484375 0.0390625
0 0.486328125 0.8955078125 0.03515625 0.0390625
0 0.2412109375 0.4990234375 0.041015625 0.044921875
0 0.2685546875 0.580078125 0.03515625 0.03515625
0 0.18359375 0.427734375 0.01953125 0.029296875
0 0.318359375 0.0234375 0.04296875 0.03515625
0 0.267578125 0.080078125 0.025390625 0.044921875
0 0.734375 0.6826171875 0.0234375 0.03125
0 0.646484375 0.6630859375 0.044921875 0.041015625
0 0.5947265625 0.7333984375 0.046875 0.0390625
0 0.5166015625 0.7314453125 0.037109375 0.046875
0 0.2802734375 0.791015625 0.01953125 0.03515625
0 0.3037109375 0.8505859375 0.0234375 0.048828125