0 0.892578125 0.8232421875 0.044921875 0.08984375
0 0.185546875 0.892578125 0.076171875 0.130859375
0 0.78515625 0.5380859375 0.0390625 0.0546875
0 0.76953125 0.3623046875 0.048828125 0.078125
0 0.5712890625 0.26953125 0.0703125 0.09375
0 0.6953125 0.6240234375 0.091796875 0.109375
0 0.9052734375 0.720703125 0.041015625 0.08203125
0 0.8515625 0.34765625 0.05859375 0.072265625
0 0.3212890625 0.5478515625 0.076171875 0.123046875
0 0.931640625 0.4853515625 0.052734375 0.130859375
0 0.96875 0.626953125 0.0390625 0.0703125
0 0.826171875 0.173828125 0.072265625 0.115234375
0 0.4521484375 0.2314453125 0.064453125 0.09765625
0 0.041015625 0.8251953125 0.08203125 0.154296875
0 0.7763671875 0.703125 0.05078125 0.09375
0 0.6708984375 0.349609375 0.05859375 0.162109375