0 0.3095703125 0.255859375 0.037109375 0.0625
0 0.4326171875 0.912109375 0.046875 0.0859375
0 0.7939453125 0.349609375 0.03515625 0.068359375
0 0.5654296875 0.9111328125 0.04296875 0.087890625
0 0.1767578125 0.130859375 0.033203125 0.064453125
0 0.4287109375 0.0126953125 0.033203125 0.025390625
0 0.5703125 0.751953125 0.03125 0.044921875
0 0.3251953125 0.04296875 0.03125 0.05859375
0 0.7119140625 0.658203125 0.02734375 0.0625
0 0.5517578125 0.9814453125 0.025390625 0.037109375
0 0.4716796875 0.4482421875 0.0234375 0.044921875
0 0.7607421875 0.4970703125 0.041015625 0.078125
0 0.72265625 0.576171875 0.029296875 0.0546875
0 0.8466796875 0.2333984375 0.04296875 0.087890625
0 0.921875 0.041015625 0.029296875 0.041015625
0 0.326171875 0.8193359375 0.025390625 0.046875
0 0.8681640625 0.109375 0.029296875 0.056640625
0 0.357421875 0.6201171875 0.041015625 0.072265625
0 0.671875 0.8134765625 0.0390625 0.078125
0 0.6298828125 0.3662109375 0.033203125 0.05859375
0 0.2998046875 0.5458984375 0.048828125 0.046875
0 0.302734375 0.6220703125 0.041015625 0.056640625
0 0.1796875 0.296875 0.056640625 0.099609375
0 0.2197265625 0.3935546875 0.0390625 0.05859375
0 0.1796875 0.490234375 0.044921875 0.087890625
0 0.537109375 0.06640625 0.0546875 0.0546875