0 0.7490234375 0.5966796875 0.0673828125 0.0947265625
0 0.63671875 0.076171875 0.0771484375 0.150390625
0 0.326171875 0.654296875 0.04296875 0.08984375
0 0.54296875 0.59765625 0.087890625 0.109375
0 0.771484375 0.7734375 0.0703125 0.138671875
0 0.328125 0.19921875 0.103515625 0.30859375
0 0.3447265625 0.876953125 0.0341796875 0.080078125
0 0.2490234375 0.041015625 0.06640625 0.0810546875
0 0.4033203125 0.583984375 0.0400390625 0.083984375
0 0.9697265625 0.7314453125 0.0341796875 0.06640625
0 0.7841796875 0.1005859375 0.046875 0.0888671875
0 0.7275390625 0.4287109375 0.064453125 0.09375
0 0.3544921875 0.09375 0.04296875 0.068359375
0 0.77734375 0.3369140625 0.041015625 0.0771484375
0 0.181640625 0.578125 0.0283203125 0.052734375
0 0.361328125 0.44140625 0.056640625 0.0810546875
0 0.201171875 0.51171875 0.037109375 0.0546875
0 0.0830078125 0.59375 0.0458984375 0.0712890625
0 0.611328125 0.765625 0.109375 0.1875
0 0.4375 0.255859375 0.0517578125 0.0732421875
0 0.1884765625 0.0146484375 0.044921875 0.029296875
0 0.9609375 0.4697265625 0.0302734375 0.0380859375
0 0.1181640625 0.01171875 0.0400390625 0.0234375
0 0.58984375 0.408203125 0.0966796875 0.162109375
0 0.60546875 0.5478515625 0.0361328125 0.0615234375