0 0.2470703125 0.61328125 0.046875 0.07421875
0 0.1943359375 0.5498046875 0.05078125 0.05078125
0 0.2060546875 0.4814453125 0.03515625 0.046875
0 0.126953125 0.4951171875 0.015625 0.04296875
0 0.078125 0.638671875 0.0234375 0.03125
0 0.1279296875 0.859375 0.0234375 0.041015625
0 0.24609375 0.9365234375 0.029296875 0.046875
0 0.298828125 0.828125 0.01953125 0.029296875
0 0.263671875 0.736328125 0.01953125 0.025390625
0 0.3017578125 0.650390625 0.02734375 0.03125
0 0.73046875 0.6640625 0.048828125 0.1015625
0 0.84765625 0.63671875 0.046875 0.0859375
0 0.9267578125 0.6865234375 0.0546875 0.052734375
0 0.9833984375 0.7109375 0.033203125 0.08984375
0 0.9814453125 0.841796875 0.037109375 0.05859375
0 0.923828125 0.9541015625 0.06640625 0.08984375
0 0.7763671875 0.7939453125 0.0234375 0.0390625
0 0.68359375 0.908203125 0.0234375 0.04296875
0 0.5703125 0.7099609375 0.029296875 0.046875
0 0.435546875 0.669921875 0.04296875 0.0625
0 0.4873046875 0.5927734375 0.025390625 0.0546875
0 0.3857421875 0.5537109375 0.025390625 0.0546875
0 0.701171875 0.3525390625 0.029296875 0.02734375
0 0.642578125 0.376953125 0.02734375 0.056640625
0 0.6318359375 0.2880859375 0.01953125 0.021484375
0 0.5234375 0.318359375 0.0234375 0.0390625
0 0.455078125 0.36328125 0.0234375 0.0390625
0 0.537109375 0.361328125 0.01171875 0.01953125
0 0.486328125 0.4580078125 0.0234375 0.044921875
0 0.404296875 0.9013671875 0.015625 0.0390625
0 0.431640625 0.734375 0.015625 0.03515625
0 0.826171875 0.056640625 0.0234375 0.025390625
0 0.7890625 0.1044921875 0.029296875 0.046875
0 0.8876953125 0.01953125 0.013671875 0.03125
0 0.95703125 0.08203125 0.005859375 0.017578125
0 0.9189453125 0.1533203125 0.03125 0.02734375
0 0.853515625 0.31640625 0.02734375 0.01953125
0 0.681640625 0.03125 0.017578125 0.037109375
0 0.1669921875 0.642578125 0.021484375 0.03125
0 0.111328125 0.6357421875 0.01953125 0.033203125
0 0.2275390625 0.7880859375 0.017578125 0.0390625
0 0.1640625 0.962890625 0.015625 0.015625
0 0.1494140625 0.8994140625 0.01171875 0.033203125
0 0.6328125 0.86328125 0.025390625 0.029296875
0 0.681640625 0.763671875 0.0234375 0.0390625
0 0.6611328125 0.62109375 0.029296875 0.037109375
0 0.775390625 0.4638671875 0.01953125 0.0234375
0 0.91015625 0.505859375 0.0390625 0.03125
0 0.34765625 0.7431640625 0.0234375 0.05859375
0 0.560546875 0.607421875 0.017578125 0.04296875
0 0.501953125 0.6552734375 0.021484375 0.02734375
0 0.7109375 0.310546875 0.025390625 0.025390625
0 0.9013671875 0.3779296875 0.03515625 0.0546875
0 0.5966796875 0.2099609375 0.0234375 0.0234375
0 0.80859375 0.14453125 0.0234375 0.044921875
0 0.8876953125 0.1025390625 0.05078125 0.0390625
0 0.7900390625 0.05078125 0.015625 0.02734375
0 0.7587890625 0.0244140625 0.021484375 0.033203125
0 0.5908203125 0.27734375 0.0234375 0.02734375
0 0.529296875 0.1923828125 0.0234375 0.041015625
0 0.4921875 0.275390625 0.04296875 0.029296875
0 0.849609375 0.75390625 0.0390625 0.04296875
0 0.8037109375 0.697265625 0.02734375 0.03125
0 0.7216796875 0.87109375 0.037109375 0.046875
0 0.45703125 0.7734375 0.029296875 0.05078125