0 0.1435546875 0.5537109375 0.03125 0.056640625
0 0.0859375 0.7431640625 0.041015625 0.0546875
0 0.267578125 0.8046875 0.03515625 0.03515625
0 0.2470703125 0.875 0.02734375 0.037109375
0 0.22265625 0.9697265625 0.03515625 0.0234375
0 0.3076171875 0.896484375 0.029296875 0.041015625
0 0.3603515625 0.9775390625 0.029296875 0.03515625
0 0.4296875 0.8837890625 0.083984375 0.115234375
0 0.373046875 0.6103515625 0.072265625 0.091796875
0 0.4423828125 0.7080078125 0.07421875 0.087890625
0 0.521484375 0.5634765625 0.083984375 0.10546875
0 0.5458984375 0.6669921875 0.029296875 0.052734375
0 0.591796875 0.65234375 0.037109375 0.048828125
0 0.5869140625 0.44140625 0.0234375 0.037109375
0 0.62109375 0.4208984375 0.04296875 0.05078125
0 0.583984375 0.50390625 0.05078125 0.03515625
0 0.3935546875 0.421875 0.04296875 0.03515625
0 0.3896484375 0.5224609375 0.083984375 0.048828125
0 0.2783203125 0.5966796875 0.041015625 0.04296875
0 0.3115234375 0.7607421875 0.044921875 0.05078125
0 0.3173828125 0.677734375 0.01953125 0.03515625
0 0.4189453125 0.3212890625 0.037109375 0.060546875
0 0.44140625 0.2255859375 0.01953125 0.0234375
0 0.8232421875 0.1318359375 0.02734375 0.02734375
0 0.8291015625 0.193359375 0.01953125 0.029296875
0 0.5703125 0.3505859375 0.037109375 0.083984375
0 0.046875 0.306640625 0.02734375 0.0390625
0 0.0498046875 0.5517578125 0.0234375 0.033203125
0 0.0673828125 0.6533203125 0.017578125 0.025390625
0 0.177734375 0.7353515625 0.017578125 0.0234375
0 0.2841796875 0.67578125 0.01953125 0.0546875
0 0.2275390625 0.3505859375 0.025390625 0.033203125
0 0.34375 0.287109375 0.0234375 0.05078125
0 0.4951171875 0.474609375 0.025390625 0.037109375
0 0.5888671875 0.5595703125 0.02734375 0.05078125
0 0.478515625 0.646484375 0.025390625 0.05078125
0 0.349609375 0.6943359375 0.029296875 0.029296875
0 0.4716796875 0.33984375 0.02734375 0.041015625
0 0.5380859375 0.8671875 0.02734375 0.048828125