0 0.6318359375 0.1689453125 0.029296875 0.0634765625
0 0.8076171875 0.1435546875 0.05859375 0.0849609375
0 0.8525390625 0.232421875 0.033203125 0.05078125
0 0.880859375 0.34375 0.03515625 0.0361328125
0 0.8193359375 0.359375 0.0302734375 0.0537109375
0 0.89453125 0.48828125 0.0234375 0.09375
0 0.888671875 0.669921875 0.0361328125 0.0556640625
0 0.8349609375 0.74609375 0.0439453125 0.1171875
0 0.8115234375 0.859375 0.037109375 0.0703125
0 0.8369140625 0.9326171875 0.021484375 0.03515625
0 0.8974609375 0.826171875 0.0185546875 0.0419921875
0 0.7626953125 0.9873046875 0.025390625 0.025390625
0 0.8154296875 0.9794921875 0.033203125 0.041015625
0 0.740234375 0.916015625 0.04296875 0.029296875
0 0.6689453125 0.9638671875 0.041015625 0.0654296875
0 0.623046875 0.96484375 0.0400390625 0.0615234375
0 0.5703125 0.9306640625 0.0458984375 0.0625
0 0.52734375 0.9775390625 0.03515625 0.044921875
0 0.3974609375 0.9609375 0.044921875 0.064453125
0 0.4423828125 0.9814453125 0.017578125 0.0361328125
0 0.4775390625 0.9619140625 0.025390625 0.037109375
0 0.3154296875 0.8701171875 0.0341796875 0.0830078125
0 0.3515625 0.8798828125 0.0341796875 0.103515625
0 0.400390625 0.8896484375 0.037109375 0.064453125
0 0.248046875 0.8359375 0.03515625 0.0478515625
0 0.263671875 0.9130859375 0.041015625 0.064453125
0 0.2900390625 0.7763671875 0.0546875 0.0498046875
0 0.2763671875 0.859375 0.0185546875 0.03125
0 0.349609375 0.7939453125 0.01953125 0.0263671875
0 0.25390625 0.65234375 0.0283203125 0.0458984375
0 0.2451171875 0.3388671875 0.021484375 0.0302734375
0 0.2236328125 0.25 0.0234375 0.0234375
0 0.1640625 0.271484375 0.017578125 0.0380859375
0 0.267578125 0.4228515625 0.0224609375 0.025390625
0 0.3115234375 0.4130859375 0.0205078125 0.05078125
0 0.3408203125 0.3349609375 0.0302734375 0.0380859375
0 0.41015625 0.080078125 0.060546875 0.068359375
0 0.3740234375 0.1806640625 0.0400390625 0.080078125
0 0.3193359375 0.1630859375 0.0390625 0.0439453125
0 0.326171875 0.10546875 0.0234375 0.044921875
0 0.34375 0.0576171875 0.0283203125 0.041015625
0 0.4453125 0.013671875 0.0361328125 0.0263671875
0 0.6298828125 0.033203125 0.041015625 0.03125
0 0.8896484375 0.056640625 0.0341796875 0.060546875
0 0.962890625 0.1123046875 0.0283203125 0.060546875
0 0.1435546875 0.1044921875 0.052734375 0.04296875