0 0.818359375 0.1552734375 0.05078125 0.09765625
0 0.75390625 0.47265625 0.037109375 0.064453125
0 0.2314453125 0.607421875 0.03515625 0.0625
0 0.8642578125 0.6435546875 0.037109375 0.060546875
0 0.69140625 0.0595703125 0.03515625 0.07421875
0 0.9765625 0.2734375 0.04296875 0.08203125
0 0.4833984375 0.6337890625 0.0390625 0.078125
0 0.3603515625 0.7685546875 0.05078125 0.119140625
0 0.419921875 0.7490234375 0.04296875 0.09375
0 0.1240234375 0.0771484375 0.046875 0.08984375
0 0.5361328125 0.732421875 0.04296875 0.07421875
0 0.4365234375 0.2802734375 0.03515625 0.056640625
0 0.2724609375 0.9169921875 0.03125 0.0546875
0 0.34375 0.490234375 0.046875 0.072265625
0 0.4501953125 0.009765625 0.056640625 0.01953125
0 0.384765625 0.947265625 0.060546875 0.0546875
0 0.4580078125 0.8955078125 0.037109375 0.064453125
0 0.4462890625 0.416015625 0.06640625 0.087890625