0 0.220703125 0.8603515625 0.052734375 0.037109375
0 0.1533203125 0.888671875 0.06640625 0.0625
0 0.125 0.83203125 0.0859375 0.0546875
0 0.3291015625 0.6123046875 0.037109375 0.0234375
0 0.4130859375 0.6220703125 0.115234375 0.07421875
0 0.3779296875 0.54296875 0.158203125 0.0703125
0 0.51953125 0.5478515625 0.068359375 0.056640625
0 0.5107421875 0.625 0.052734375 0.05078125
0 0.5595703125 0.703125 0.044921875 0.01953125
0 0.462890625 0.6923828125 0.052734375 0.046875
0 0.3564453125 0.6962890625 0.0390625 0.033203125
0 0.1181640625 0.47265625 0.037109375 0.029296875
0 0.0322265625 0.5302734375 0.0390625 0.03125
0 0.1171875 0.5908203125 0.0234375 0.025390625
0 0.35546875 0.2900390625 0.03125 0.03125
0 0.4169921875 0.3466796875 0.056640625 0.025390625
0 0.7578125 0.453125 0.03125 0.025390625
0 0.9736328125 0.5498046875 0.052734375 0.04296875
0 0.9638671875 0.611328125 0.037109375 0.03125
0 0.8115234375 0.671875 0.0625 0.041015625
0 0.798828125 0.7314453125 0.037109375 0.02734375
0 0.86328125 0.8115234375 0.041015625 0.033203125
0 0.6455078125 0.869140625 0.046875 0.033203125
0 0.5673828125 0.630859375 0.02734375 0.0234375
0 0.568359375 0.591796875 0.029296875 0.02734375
0 0.625 0.5537109375 0.021484375 0.01953125
0 0.703125 0.6025390625 0.0390625 0.0234375
0 0.6240234375 0.5244140625 0.03515625 0.021484375
0 0.51171875 0.4755859375 0.0390625 0.01953125
0 0.9443359375 0.37109375 0.048828125 0.021484375
0 0.4560546875 0.27734375 0.083984375 0.02734375
0 0.3291015625 0.6728515625 0.0390625 0.013671875
0 0.0859375 0.9208984375 0.0703125 0.05078125
0 0.05859375 0.6552734375 0.05859375 0.052734375