0 0.181640625 0.1552734375 0.05078125 0.09765625
0 0.24609375 0.47265625 0.037109375 0.064453125
0 0.7685546875 0.607421875 0.03515625 0.0625
0 0.1357421875 0.6435546875 0.037109375 0.060546875
0 0.30859375 0.0595703125 0.0361328125 0.0732421875
0 0.0234375 0.2734375 0.0439453125 0.08203125
0 0.5166015625 0.6337890625 0.0380859375 0.078125
0 0.6396484375 0.7685546875 0.0517578125 0.119140625
0 0.580078125 0.7490234375 0.04296875 0.09375
0 0.8759765625 0.0771484375 0.0478515625 0.0888671875
0 0.4638671875 0.732421875 0.0419921875 0.0732421875
0 0.5634765625 0.2802734375 0.0361328125 0.056640625
0 0.7275390625 0.9169921875 0.0322265625 0.0556640625
0 0.65625 0.490234375 0.0458984375 0.072265625
0 0.5498046875 0.009765625 0.056640625 0.0185546875
0 0.615234375 0.947265625 0.060546875 0.0537109375
0 0.5419921875 0.8955078125 0.037109375 0.064453125
0 0.5537109375 0.416015625 0.0654296875 0.087890625