0 0.7734375 0.5615234375 0.037109375 0.064453125
0 0.7421875 0.68359375 0.06640625 0.1201171875
0 0.046875 0.37890625 0.0419921875 0.076171875
0 0.4150390625 0.56640625 0.0498046875 0.0703125
0 0.1240234375 0.1220703125 0.0615234375 0.10546875
0 0.1728515625 0.7666015625 0.05078125 0.1025390625
0 0.2158203125 0.44921875 0.07421875 0.140625
0 0.677734375 0.896484375 0.0439453125 0.1103515625
0 0.58203125 0.8740234375 0.048828125 0.0947265625
0 0.607421875 0.7568359375 0.068359375 0.1201171875
0 0.8720703125 0.359375 0.033203125 0.052734375
0 0.021484375 0.0732421875 0.0341796875 0.06640625
0 0.4326171875 0.8828125 0.0283203125 0.0615234375
0 0.7236328125 0.8212890625 0.0400390625 0.076171875
0 0.5263671875 0.609375 0.0751953125 0.12890625
0 0.48046875 0.76171875 0.0810546875 0.18359375
0 0.53125 0.3564453125 0.041015625 0.068359375
0 0.6240234375 0.0087890625 0.0400390625 0.0166015625
0 0.486328125 0.4541015625 0.0234375 0.033203125
0 0.982421875 0.724609375 0.0341796875 0.07421875