0 0.73828125 0.623046875 0.05078125 0.080078125
0 0.6484375 0.7421875 0.056640625 0.109375
0 0.7958984375 0.7978515625 0.05078125 0.083984375
0 0.6640625 0.86328125 0.041015625 0.083984375
0 0.89453125 0.2470703125 0.05078125 0.078125
0 0.681640625 0.2861328125 0.05859375 0.099609375
0 0.4326171875 0.578125 0.03515625 0.06640625
0 0.8232421875 0.501953125 0.083984375 0.103515625
0 0.595703125 0.5771484375 0.0703125 0.103515625
0 0.794921875 0.6845703125 0.03515625 0.072265625
0 0.775390625 0.2275390625 0.037109375 0.0703125
0 0.169921875 0.2939453125 0.05859375 0.099609375
0 0.900390625 0.58984375 0.072265625 0.123046875
0 0.4482421875 0.15625 0.07421875 0.10546875
0 0.8291015625 0.90625 0.025390625 0.046875
0 0.7978515625 0.9619140625 0.03515625 0.048828125
0 0.873046875 0.716796875 0.04296875 0.0703125
0 0.51171875 0.5859375 0.041015625 0.0859375
0 0.7060546875 0.9091796875 0.03515625 0.06640625
0 0.0546875 0.9072265625 0.0234375 0.04296875
0 0.048828125 0.2919921875 0.046875 0.08203125
0 0.623046875 0.4423828125 0.0625 0.08984375
0 0.6455078125 0.5302734375 0.04296875 0.068359375
0 0.4501953125 0.7470703125 0.060546875 0.095703125
0 0.3212890625 0.41796875 0.142578125 0.19140625
0 0.4931640625 0.37109375 0.126953125 0.1328125