0 0.296875 0.2666015625 0.0341796875 0.060546875
0 0.4541015625 0.9150390625 0.04296875 0.0830078125
0 0.7861328125 0.333984375 0.03125 0.0673828125
0 0.5869140625 0.9072265625 0.0390625 0.0859375
0 0.158203125 0.1484375 0.0302734375 0.0625
0 0.404296875 0.0146484375 0.03125 0.029296875
0 0.5830078125 0.748046875 0.0283203125 0.04296875
0 0.3017578125 0.052734375 0.0283203125 0.056640625
0 0.7197265625 0.646484375 0.0234375 0.060546875
0 0.578125 0.9794921875 0.0234375 0.0380859375
0 0.46875 0.4501953125 0.021484375 0.0439453125
0 0.759765625 0.4833984375 0.037109375 0.0771484375
0 0.7265625 0.564453125 0.02734375 0.0537109375
0 0.83203125 0.2158203125 0.0390625 0.0869140625
0 0.8974609375 0.01953125 0.02734375 0.0390625
0 0.3427734375 0.828125 0.0234375 0.0458984375
0 0.84765625 0.0908203125 0.02734375 0.0546875
0 0.3642578125 0.626953125 0.037109375 0.0712890625
0 0.6884765625 0.8037109375 0.03515625 0.0771484375
0 0.623046875 0.359375 0.029296875 0.0576171875
0 0.302734375 0.556640625 0.046875 0.0439453125
0 0.3095703125 0.6318359375 0.0390625 0.0546875
0 0.169921875 0.3134765625 0.0517578125 0.09765625
0 0.21484375 0.408203125 0.037109375 0.056640625
0 0.1796875 0.5068359375 0.0400390625 0.0849609375
0 0.5146484375 0.0654296875 0.052734375 0.052734375