0 0.8662109375 0.203125 0.146484375 0.29296875
0 0.6416015625 0.4296875 0.20703125 0.34375
0 0.9111328125 0.6865234375 0.177734375 0.322265625
0 0.474609375 0.5927734375 0.076171875 0.095703125
0 0.560546875 0.814453125 0.11328125 0.201171875
0 0.2978515625 0.37109375 0.154296875 0.267578125
0 0.3857421875 0.0576171875 0.048828125 0.1015625
0 0.1875 0.7529296875 0.150390625 0.1328125
0 0.4287109375 0.9384765625 0.091796875 0.111328125
0 0.861328125 0.9296875 0.080078125 0.1015625
0 0.107421875 0.193359375 0.064453125 0.123046875
0 0.15625 0.3662109375 0.07421875 0.12109375
0 0.798828125 0.390625 0.037109375 0.0859375