0 0.1533203125 0.26953125 0.0400390625 0.0546875
0 0.580078125 0.3232421875 0.0595703125 0.0986328125
0 0.857421875 0.70703125 0.060546875 0.09375
0 0.521484375 0.7353515625 0.05078125 0.072265625
0 0.587890625 0.919921875 0.0625 0.0859375
0 0.068359375 0.7705078125 0.0419921875 0.0517578125
0 0.1943359375 0.65625 0.0380859375 0.0390625
0 0.2177734375 0.7333984375 0.0322265625 0.03515625
0 0.2861328125 0.673828125 0.0458984375 0.0634765625
0 0.49609375 0.916015625 0.041015625 0.064453125
0 0.7978515625 0.265625 0.0234375 0.048828125
0 0.3798828125 0.6044921875 0.0537109375 0.0673828125
0 0.1708984375 0.369140625 0.060546875 0.046875
0 0.2744140625 0.2529296875 0.0244140625 0.04296875