0 0.521484375 0.373046875 0.123046875 0.09765625
0 0.662109375 0.4892578125 0.1875 0.0849609375
0 0.4697265625 0.7626953125 0.177734375 0.09765625
0 0.6455078125 0.7490234375 0.1025390625 0.099609375
0 0.1025390625 0.3427734375 0.115234375 0.060546875
0 0.0810546875 0.140625 0.1044921875 0.103515625
0 0.15234375 0.6826171875 0.0927734375 0.048828125
0 0.3115234375 0.7109375 0.083984375 0.0576171875
0 0.92578125 0.8349609375 0.1484375 0.0751953125
0 0.826171875 0.5966796875 0.1259765625 0.0546875
0 0.8720703125 0.501953125 0.08984375 0.048828125
0 0.853515625 0.3740234375 0.0849609375 0.0615234375
0 0.3349609375 0.55859375 0.130859375 0.0654296875
0 0.5478515625 0.5771484375 0.0859375 0.056640625
0 0.7900390625 0.76953125 0.0673828125 0.060546875
0 0.7158203125 0.86328125 0.0625 0.021484375
0 0.265625 0.9560546875 0.146484375 0.0673828125
0 0.0673828125 0.8876953125 0.0966796875 0.140625
0 0.4697265625 0.8935546875 0.1123046875 0.0361328125
0 0.349609375 0.3076171875 0.1025390625 0.056640625
0 0.0498046875 0.5927734375 0.0791015625 0.0537109375