0 0.85546875 0.6484375 0.03515625 0.064453125
0 0.4111328125 0.80859375 0.060546875 0.06640625
0 0.76171875 0.8623046875 0.04296875 0.046875
0 0.814453125 0.5322265625 0.06640625 0.10546875
0 0.2802734375 0.048828125 0.212890625 0.09765625
0 0.8427734375 0.8515625 0.09375 0.068359375
0 0.5458984375 0.75 0.05078125 0.052734375
0 0.4267578125 0.912109375 0.056640625 0.04296875
0 0.9716796875 0.6962890625 0.041015625 0.072265625
0 0.22265625 0.498046875 0.0390625 0.044921875
0 0.640625 0.498046875 0.05859375 0.095703125
0 0.6318359375 0.3662109375 0.068359375 0.109375
0 0.7001953125 0.5947265625 0.0703125 0.1171875
0 0.123046875 0.501953125 0.03515625 0.046875
0 0.021484375 0.6162109375 0.04296875 0.095703125
0 0.3466796875 0.341796875 0.052734375 0.08203125
0 0.4140625 0.55859375 0.072265625 0.1015625
0 0.5439453125 0.85546875 0.068359375 0.048828125
0 0.2861328125 0.796875 0.044921875 0.05859375
0 0.716796875 0.771484375 0.060546875 0.078125
0 0.4716796875 0.015625 0.060546875 0.03125
0 0.427734375 0.1279296875 0.046875 0.083984375
0 0.162109375 0.7607421875 0.134765625 0.111328125
0 0.943359375 0.599609375 0.0625 0.09765625
0 0.4755859375 0.388671875 0.162109375 0.17578125
0 0.271484375 0.6240234375 0.18359375 0.162109375