0 0.359375 0.63671875 0.0771484375 0.1064453125
0 0.8583984375 0.5419921875 0.03515625 0.0712890625
0 0.541015625 0.34765625 0.05078125 0.0546875
0 0.568359375 0.1845703125 0.046875 0.060546875
0 0.9189453125 0.2294921875 0.0498046875 0.0810546875
0 0.935546875 0.3212890625 0.0185546875 0.025390625
0 0.810546875 0.2607421875 0.0400390625 0.0888671875
0 0.6181640625 0.115234375 0.052734375 0.025390625
0 0.4609375 0.603515625 0.044921875 0.060546875
0 0.4921875 0.685546875 0.0439453125 0.0751953125
0 0.501953125 0.8603515625 0.037109375 0.1064453125
0 0.5546875 0.6982421875 0.03125 0.0732421875
0 0.72265625 0.640625 0.0595703125 0.0537109375
0 0.779296875 0.7255859375 0.0224609375 0.0517578125
0 0.6494140625 0.765625 0.0341796875 0.068359375
0 0.6259765625 0.5947265625 0.0478515625 0.0849609375
0 0.333984375 0.830078125 0.02734375 0.044921875
0 0.2392578125 0.720703125 0.0458984375 0.0859375
0 0.25 0.6142578125 0.0341796875 0.060546875
0 0.162109375 0.6396484375 0.0283203125 0.03515625
0 0.0888671875 0.685546875 0.037109375 0.044921875
0 0.166015625 0.712890625 0.0224609375 0.0322265625
0 0.03515625 0.880859375 0.0234375 0.0361328125
0 0.0751953125 0.9306640625 0.0390625 0.04296875
0 0.2880859375 0.890625 0.041015625 0.0693359375
0 0.4921875 0.9619140625 0.0390625 0.076171875
0 0.6171875 0.9189453125 0.03125 0.037109375
0 0.7412109375 0.970703125 0.0693359375 0.05859375
0 0.84765625 0.93359375 0.0400390625 0.0419921875
0 0.9482421875 0.92578125 0.017578125 0.0361328125
0 0.48828125 0.0283203125 0.0458984375 0.056640625
0 0.7802734375 0.1396484375 0.0458984375 0.0712890625
0 0.478515625 0.1640625 0.029296875 0.0341796875
0 0.19921875 0.244140625 0.044921875 0.0478515625
0 0.15234375 0.4169921875 0.033203125 0.0341796875
0 0.03125 0.4580078125 0.0458984375 0.025390625
0 0.091796875 0.4755859375 0.0244140625 0.0498046875
0 0.5341796875 0.462890625 0.0341796875 0.048828125
0 0.73828125 0.48046875 0.029296875 0.048828125
0 0.8017578125 0.40625 0.0224609375 0.0400390625
0 0.9794921875 0.4169921875 0.0244140625 0.0546875
0 0.3623046875 0.44921875 0.0380859375 0.029296875