0 0.4189453125 0.8515625 0.076171875 0.15234375
0 0.2998046875 0.58984375 0.078125 0.1328125
0 0.6328125 0.7587890625 0.072265625 0.134765625
0 0.0546875 0.158203125 0.080078125 0.1171875
0 0.751953125 0.84375 0.1328125 0.228515625
0 0.23046875 0.197265625 0.09375 0.140625
0 0.8125 0.642578125 0.052734375 0.095703125
0 0.1328125 0.322265625 0.05078125 0.09375
0 0.150390625 0.431640625 0.15234375 0.36328125
0 0.255859375 0.8154296875 0.087890625 0.1640625
0 0.80859375 0.25390625 0.0390625 0.056640625
0 0.91796875 0.5244140625 0.037109375 0.0703125
0 0.5751953125 0.4443359375 0.03125 0.0546875
0 0.73046875 0.3359375 0.046875 0.08203125