0 0.3798828125 0.748046875 0.0498046875 0.0400390625
0 0.2509765625 0.796875 0.0498046875 0.083984375
0 0.1123046875 0.6845703125 0.0263671875 0.048828125
0 0.21875 0.71875 0.029296875 0.0439453125
0 0.6728515625 0.9443359375 0.0615234375 0.0712890625
0 0.64453125 0.7626953125 0.0224609375 0.0302734375
0 0.294921875 0.8681640625 0.021484375 0.029296875
0 0.318359375 0.5703125 0.0361328125 0.0419921875
0 0.380859375 0.8125 0.0244140625 0.02734375
0 0.62109375 0.8583984375 0.0283203125 0.0390625
0 0.392578125 0.5810546875 0.052734375 0.12109375
0 0.583984375 0.7685546875 0.0224609375 0.033203125
0 0.6142578125 0.7109375 0.0361328125 0.044921875
0 0.23046875 0.6220703125 0.0224609375 0.0322265625
0 0.5322265625 0.890625 0.0439453125 0.03125
0 0.076171875 0.9560546875 0.03125 0.0361328125
0 0.6005859375 0.2138671875 0.03125 0.0263671875
0 0.3291015625 0.3447265625 0.0458984375 0.052734375
0 0.4208984375 0.2841796875 0.107421875 0.107421875
0 0.1318359375 0.759765625 0.025390625 0.02734375
0 0.1806640625 0.8330078125 0.037109375 0.0498046875
0 0.353515625 0.45703125 0.0869140625 0.0771484375
0 0.4912109375 0.9404296875 0.1162109375 0.0615234375
0 0.5869140625 0.9306640625 0.068359375 0.041015625
0 0.53125 0.28125 0.0693359375 0.1181640625
0 0.732421875 0.2265625 0.1689453125 0.0927734375