0 0.2666015625 0.525390625 0.05078125 0.099609375
0 0.5126953125 0.5966796875 0.0341796875 0.0595703125
0 0.4892578125 0.5146484375 0.0478515625 0.060546875
0 0.6416015625 0.361328125 0.03125 0.0400390625
0 0.7314453125 0.1845703125 0.0263671875 0.0458984375
0 0.55078125 0.4541015625 0.02734375 0.0302734375
0 0.36328125 0.091796875 0.0537109375 0.0927734375
0 0.1259765625 0.4580078125 0.0615234375 0.1064453125
0 0.1591796875 0.1474609375 0.0341796875 0.0546875
0 0.4306640625 0.8134765625 0.0625 0.1279296875
0 0.666015625 0.767578125 0.048828125 0.1220703125
0 0.732421875 0.7490234375 0.056640625 0.0947265625
0 0.755859375 0.8759765625 0.0439453125 0.0908203125
0 0.861328125 0.7314453125 0.0791015625 0.1513671875
0 0.88671875 0.91015625 0.0556640625 0.1103515625
0 0.9755859375 0.69921875 0.0478515625 0.0712890625
0 0.947265625 0.951171875 0.041015625 0.09765625
0 0.39453125 0.5244140625 0.0732421875 0.150390625
0 0.1123046875 0.802734375 0.048828125 0.046875
0 0.076171875 0.8701171875 0.0361328125 0.048828125
0 0.15234375 0.70703125 0.05078125 0.08203125
0 0.2060546875 0.62109375 0.0146484375 0.037109375
0 0.1162109375 0.3544921875 0.09765625 0.0546875