0 0.27734375 0.58984375 0.068359375 0.0859375
0 0.4208984375 0.7080078125 0.052734375 0.076171875
0 0.5009765625 0.7470703125 0.0546875 0.0859375
0 0.52734375 0.3740234375 0.076171875 0.123046875
0 0.650390625 0.431640625 0.0390625 0.037109375
0 0.326171875 0.2001953125 0.052734375 0.068359375
0 0.4599609375 0.17578125 0.142578125 0.107421875
0 0.10546875 0.19921875 0.109375 0.09765625
0 0.4013671875 0.4111328125 0.0859375 0.12109375
0 0.810546875 0.3427734375 0.06640625 0.1015625
0 0.6142578125 0.1552734375 0.099609375 0.126953125