0 0.2255859375 0.556640625 0.0390625 0.064453125
0 0.2548828125 0.6796875 0.068359375 0.12109375
0 0.955078125 0.38671875 0.04296875 0.076171875
0 0.583984375 0.568359375 0.05078125 0.0703125
0 0.8828125 0.12890625 0.0625 0.107421875
0 0.822265625 0.7724609375 0.052734375 0.103515625
0 0.78515625 0.4541015625 0.076171875 0.142578125
0 0.3154296875 0.8935546875 0.044921875 0.111328125
0 0.4111328125 0.8720703125 0.05078125 0.095703125
0 0.3876953125 0.7548828125 0.0703125 0.12109375
0 0.130859375 0.3525390625 0.033203125 0.052734375
0 0.984375 0.08203125 0.03125 0.06640625
0 0.560546875 0.8837890625 0.029296875 0.0625
0 0.2705078125 0.8173828125 0.041015625 0.076171875
0 0.4716796875 0.609375 0.078125 0.130859375
0 0.5146484375 0.76171875 0.083984375 0.185546875
0 0.4716796875 0.35546875 0.04296875 0.068359375
0 0.3837890625 0.0078125 0.041015625 0.015625
0 0.5146484375 0.4541015625 0.0234375 0.033203125
0 0.015625 0.71484375 0.03125 0.07421875