0 0.1806640625 0.46484375 0.0556640625 0.0859375
0 0.6923828125 0.705078125 0.0751953125 0.1142578125
0 0.7939453125 0.7412109375 0.037109375 0.068359375
0 0.8994140625 0.728515625 0.0478515625 0.0458984375
0 0.85546875 0.8017578125 0.033203125 0.05859375
0 0.75 0.92578125 0.0546875 0.0615234375
0 0.3857421875 0.7666015625 0.046875 0.06640625
0 0.34375 0.6689453125 0.033203125 0.0693359375
0 0.755859375 0.1796875 0.0478515625 0.1103515625
0 0.697265625 0.1591796875 0.033203125 0.0703125
0 0.69140625 0.2861328125 0.0478515625 0.091796875
0 0.6240234375 0.2353515625 0.037109375 0.072265625
0 0.5048828125 0.1259765625 0.0380859375 0.0693359375
0 0.7607421875 0.427734375 0.0380859375 0.0546875
0 0.8505859375 0.54296875 0.03125 0.0576171875
0 0.9267578125 0.4013671875 0.0537109375 0.0673828125
0 0.923828125 0.330078125 0.0400390625 0.072265625
0 0.978515625 0.212890625 0.04296875 0.0830078125
0 0.9208984375 0.619140625 0.029296875 0.12109375
0 0.6552734375 0.55859375 0.0869140625 0.095703125
0 0.271484375 0.5283203125 0.0380859375 0.08203125
0 0.318359375 0.5654296875 0.044921875 0.0908203125
0 0.345703125 0.4755859375 0.0712890625 0.078125
0 0.40625 0.4638671875 0.03515625 0.0625
0 0.5263671875 0.6142578125 0.0771484375 0.0546875
0 0.5048828125 0.7021484375 0.0322265625 0.0556640625
0 0.5478515625 0.6796875 0.0263671875 0.0498046875
0 0.146484375 0.7919921875 0.0263671875 0.0556640625
0 0.193359375 0.6220703125 0.0302734375 0.05859375
0 0.302734375 0.267578125 0.025390625 0.0341796875
0 0.328125 0.2255859375 0.0322265625 0.05859375
0 0.4072265625 0.146484375 0.0517578125 0.0576171875
0 0.78125 0.611328125 0.0693359375 0.08984375
0 0.90625 0.486328125 0.0244140625 0.0380859375
0 0.0341796875 0.7265625 0.025390625 0.0322265625
0 0.1513671875 0.400390625 0.02734375 0.0302734375
0 0.255859375 0.232421875 0.033203125 0.0439453125
0 0.2900390625 0.052734375 0.0224609375 0.0380859375
0 0.5751953125 0.7763671875 0.0244140625 0.0732421875
0 0.83984375 0.62109375 0.01953125 0.052734375
0 0.58203125 0.18359375 0.025390625 0.052734375