0 0.2685546875 0.6357421875 0.046875 0.0771484375
0 0.3642578125 0.75 0.0517578125 0.107421875
0 0.2197265625 0.8125 0.0458984375 0.0810546875
0 0.35546875 0.87109375 0.0361328125 0.08203125
0 0.0927734375 0.267578125 0.046875 0.076171875
0 0.3076171875 0.2958984375 0.052734375 0.09765625
0 0.5712890625 0.57421875 0.03125 0.064453125
0 0.177734375 0.5185546875 0.0791015625 0.0986328125
0 0.408203125 0.58203125 0.064453125 0.1005859375
0 0.21484375 0.7001953125 0.03125 0.0703125
0 0.2109375 0.2421875 0.0341796875 0.068359375
0 0.8193359375 0.27734375 0.052734375 0.0966796875
0 0.1044921875 0.6103515625 0.0654296875 0.119140625
0 0.5341796875 0.154296875 0.068359375 0.1015625
0 0.1923828125 0.9228515625 0.0234375 0.044921875
0 0.2265625 0.9765625 0.033203125 0.046875
0 0.138671875 0.736328125 0.0390625 0.0693359375
0 0.4931640625 0.5859375 0.037109375 0.083984375
0 0.3154296875 0.9189453125 0.03125 0.064453125
0 0.9658203125 0.8837890625 0.021484375 0.041015625
0 0.939453125 0.2685546875 0.04296875 0.080078125
0 0.3740234375 0.44921875 0.0576171875 0.087890625
0 0.3564453125 0.5380859375 0.0390625 0.06640625
0 0.5625 0.744140625 0.056640625 0.0927734375
0 0.673828125 0.4091796875 0.1337890625 0.185546875
0 0.5 0.37109375 0.12109375 0.1259765625