0 0.9658203125 0.3037109375 0.04296875 0.05859375
0 0.791015625 0.1025390625 0.056640625 0.078125
0 0.8857421875 0.216796875 0.06640625 0.0859375
0 0.7685546875 0.2705078125 0.048828125 0.064453125
0 0.6953125 0.2568359375 0.080078125 0.103515625
0 0.740234375 0.4072265625 0.12109375 0.154296875
0 0.6064453125 0.4052734375 0.09375 0.150390625
0 0.556640625 0.6142578125 0.123046875 0.16015625
0 0.2939453125 0.333984375 0.09765625 0.193359375
0 0.8544921875 0.4853515625 0.08984375 0.142578125
0 0.0654296875 0.1796875 0.091796875 0.140625
0 0.0439453125 0.3876953125 0.072265625 0.17578125
0 0.0517578125 0.5751953125 0.103515625 0.138671875
0 0.15625 0.41015625 0.099609375 0.203125
0 0.4423828125 0.4287109375 0.109375 0.1171875
0 0.443359375 0.6240234375 0.07421875 0.162109375
0 0.6337890625 0.12890625 0.095703125 0.1328125
0 0.7509765625 0.66015625 0.099609375 0.080078125
0 0.5576171875 0.755859375 0.05859375 0.080078125
0 0.427734375 0.7890625 0.05078125 0.09765625
0 0.873046875 0.3369140625 0.08984375 0.12109375
0 0.916015625 0.10546875 0.0625 0.111328125
0 0.2841796875 0.1416015625 0.130859375 0.111328125