0 0.5302734375 0.5498046875 0.056640625 0.0751953125
0 0.4951171875 0.6826171875 0.0869140625 0.0908203125
0 0.431640625 0.7939453125 0.1494140625 0.115234375
0 0.3056640625 0.9228515625 0.103515625 0.0888671875
0 0.3828125 0.5712890625 0.05078125 0.076171875
0 0.50390625 0.9560546875 0.0810546875 0.068359375
0 0.1748046875 0.826171875 0.078125 0.0732421875
0 0.0263671875 0.5849609375 0.0390625 0.0400390625
0 0.8232421875 0.3076171875 0.1689453125 0.2060546875
0 0.1708984375 0.650390625 0.0546875 0.1298828125
0 0.4365234375 0.515625 0.0478515625 0.060546875
0 0.6806640625 0.51953125 0.1298828125 0.1162109375
0 0.064453125 0.6552734375 0.0712890625 0.0703125