0 0.296875 0.6484375 0.052734375 0.0439453125
0 0.6552734375 0.435546875 0.033203125 0.0712890625
0 0.171875 0.8798828125 0.0498046875 0.0703125
0 0.1953125 0.78125 0.0341796875 0.08203125
0 0.2294921875 0.8466796875 0.03515625 0.046875
0 0.1630859375 0.6474609375 0.0380859375 0.0673828125
0 0.041015625 0.615234375 0.0283203125 0.033203125
0 0.1162109375 0.3984375 0.01953125 0.0234375
0 0.2548828125 0.4345703125 0.138671875 0.169921875
0 0.373046875 0.6708984375 0.076171875 0.19140625
0 0.2880859375 0.7685546875 0.0908203125 0.1005859375
0 0.375 0.8359375 0.0673828125 0.1162109375
0 0.2470703125 0.9453125 0.060546875 0.083984375
0 0.1904296875 0.958984375 0.0458984375 0.0712890625
0 0.1083984375 0.873046875 0.0498046875 0.0986328125
0 0.21875 0.642578125 0.0439453125 0.078125
0 0.1318359375 0.578125 0.0966796875 0.048828125
0 0.404296875 0.4462890625 0.052734375 0.0849609375
0 0.5146484375 0.4287109375 0.052734375 0.0576171875
0 0.49609375 0.595703125 0.0400390625 0.0732421875
0 0.6083984375 0.6435546875 0.03125 0.0537109375
0 0.6142578125 0.78125 0.0234375 0.0498046875
0 0.626953125 0.8955078125 0.0703125 0.072265625