0 0.6748046875 0.341796875 0.083984375 0.1357421875
0 0.66796875 0.712890625 0.078125 0.11328125
0 0.7607421875 0.7783203125 0.0498046875 0.0751953125
0 0.646484375 0.8291015625 0.0517578125 0.0634765625
0 0.76171875 0.9052734375 0.044921875 0.072265625
0 0.0322265625 0.8330078125 0.0634765625 0.0966796875
0 0.30078125 0.1904296875 0.04296875 0.0634765625
0 0.482421875 0.251953125 0.03125 0.0576171875
0 0.58203125 0.431640625 0.0400390625 0.1044921875
0 0.6953125 0.4775390625 0.041015625 0.052734375
0 0.7294921875 0.58984375 0.0380859375 0.0458984375
0 0.537109375 0.69921875 0.052734375 0.0966796875
0 0.2529296875 0.4677734375 0.0478515625 0.09375
0 0.2587890625 0.0791015625 0.033203125 0.0625
0 0.796875 0.2001953125 0.0400390625 0.0751953125
0 0.451171875 0.939453125 0.041015625 0.0791015625
0 0.0107421875 0.2158203125 0.021484375 0.0576171875
0 0.498046875 0.611328125 0.02734375 0.044921875
0 0.5078125 0.4990234375 0.0234375 0.0458984375