0 0.72265625 0.0947265625 0.0703125 0.091796875
0 0.787109375 0.1640625 0.060546875 0.072265625
0 0.8408203125 0.2998046875 0.0546875 0.060546875
0 0.7705078125 0.447265625 0.0625 0.078125
0 0.779296875 0.58984375 0.029296875 0.03125
0 0.9384765625 0.5458984375 0.03515625 0.052734375
0 0.9267578125 0.71484375 0.03515625 0.0625
0 0.8857421875 0.7509765625 0.033203125 0.04296875
0 0.619140625 0.84375 0.0546875 0.09765625
0 0.2431640625 0.529296875 0.0546875 0.0859375
0 0.27734375 0.294921875 0.03515625 0.087890625
0 0.333984375 0.109375 0.033203125 0.076171875
0 0.421875 0.1865234375 0.037109375 0.05859375
0 0.482421875 0.2001953125 0.0625 0.08984375
0 0.1318359375 0.0458984375 0.046875 0.052734375
0 0.0234375 0.310546875 0.046875 0.1015625
0 0.4931640625 0.515625 0.046875 0.091796875
0 0.5693359375 0.490234375 0.046875 0.046875
0 0.78125 0.9208984375 0.072265625 0.087890625
0 0.8427734375 0.95703125 0.080078125 0.064453125
0 0.990234375 0.943359375 0.01953125 0.0625
0 0.3251953125 0.9765625 0.056640625 0.046875
0 0.333984375 0.61328125 0.041015625 0.06640625
0 0.669921875 0.25390625 0.021484375 0.0390625
0 0.8681640625 0.4169921875 0.03125 0.04296875
0 0.1953125 0.298828125 0.04296875 0.076171875
0 0.6953125 0.6640625 0.037109375 0.0546875