0 0.5283203125 0.3740234375 0.12890625 0.103515625
0 0.662109375 0.498046875 0.19140625 0.09375
0 0.4560546875 0.7607421875 0.181640625 0.107421875
0 0.6318359375 0.755859375 0.107421875 0.10546875
0 0.111328125 0.322265625 0.119140625 0.06640625
0 0.1005859375 0.119140625 0.109375 0.109375
0 0.1435546875 0.6640625 0.095703125 0.052734375
0 0.30078125 0.701171875 0.0859375 0.0625
0 0.9072265625 0.8564453125 0.15234375 0.08203125
0 0.8203125 0.61328125 0.12890625 0.060546875
0 0.87109375 0.521484375 0.091796875 0.052734375
0 0.859375 0.392578125 0.087890625 0.06640625
0 0.33203125 0.5498046875 0.134765625 0.072265625
0 0.5439453125 0.5791015625 0.087890625 0.060546875
0 0.775390625 0.7841796875 0.0703125 0.064453125
0 0.6962890625 0.8740234375 0.064453125 0.025390625
0 0.2421875 0.943359375 0.150390625 0.07421875
0 0.0498046875 0.86328125 0.099609375 0.14453125
0 0.44921875 0.8916015625 0.11328125 0.041015625
0 0.3603515625 0.2998046875 0.10546875 0.0625
0 0.0458984375 0.5693359375 0.08203125 0.05859375