0 0.138671875 0.26953125 0.087890625 0.10546875
0 0.1025390625 0.5224609375 0.12109375 0.125
0 0.19140625 0.7001953125 0.078125 0.126953125
0 0.3857421875 0.73828125 0.1171875 0.1796875
0 0.3955078125 0.48046875 0.072265625 0.095703125
0 0.5009765625 0.6025390625 0.16015625 0.12890625
0 0.595703125 0.71875 0.052734375 0.1015625
0 0.75 0.626953125 0.1015625 0.169921875
0 0.7978515625 0.76953125 0.044921875 0.1015625
0 0.8427734375 0.3544921875 0.06640625 0.12109375
0 0.765625 0.4931640625 0.056640625 0.0625
0 0.8759765625 0.52734375 0.103515625 0.134765625
0 0.298828125 0.4404296875 0.06640625 0.078125