0 0.2802734375 0.1279296875 0.0576171875 0.0966796875
0 0.86328125 0.802734375 0.0595703125 0.08203125
0 0.91015625 0.6552734375 0.068359375 0.1181640625
0 0.5283203125 0.8603515625 0.0537109375 0.0751953125
0 0.3740234375 0.6298828125 0.0517578125 0.080078125
0 0.6015625 0.0380859375 0.1015625 0.076171875
0 0.119140625 0.0712890625 0.0654296875 0.1396484375
0 0.20703125 0.8408203125 0.1171875 0.158203125
0 0.70703125 0.1796875 0.0517578125 0.091796875
0 0.685546875 0.791015625 0.0400390625 0.072265625
0 0.9765625 0.0458984375 0.04296875 0.091796875
0 0.6982421875 0.9013671875 0.0537109375 0.0751953125
0 0.884765625 0.482421875 0.056640625 0.0751953125
0 0.2197265625 0.560546875 0.048828125 0.1240234375
0 0.43359375 0.017578125 0.056640625 0.0341796875
0 0.9580078125 0.96875 0.068359375 0.0556640625
0 0.806640625 0.2587890625 0.0615234375 0.0927734375
0 0.8193359375 0.96875 0.0703125 0.056640625
0 0.234375 0.01953125 0.064453125 0.0380859375
0 0.97265625 0.19140625 0.0537109375 0.08984375
0 0.0537109375 0.2080078125 0.044921875 0.0927734375
0 0.94140625 0.90625 0.0400390625 0.0595703125
0 0.291015625 0.361328125 0.037109375 0.068359375
0 0.390625 0.4013671875 0.056640625 0.09765625
0 0.208984375 0.4091796875 0.0771484375 0.09765625
0 0.1171875 0.4833984375 0.056640625 0.0703125
0 0.3828125 0.9306640625 0.08984375 0.0791015625
0 0.634765625 0.6806640625 0.087890625 0.0859375
0 0.44921875 0.2939453125 0.12890625 0.1201171875
0 0.673828125 0.404296875 0.072265625 0.0810546875
0 0.576171875 0.5009765625 0.140625 0.0810546875