0 0.1455078125 0.56640625 0.0283203125 0.056640625
0 0.0947265625 0.7578125 0.0400390625 0.052734375
0 0.2783203125 0.8125 0.033203125 0.0341796875
0 0.2607421875 0.8837890625 0.025390625 0.0361328125
0 0.2392578125 0.9794921875 0.0341796875 0.021484375
0 0.3212890625 0.9033203125 0.02734375 0.0400390625
0 0.376953125 0.982421875 0.02734375 0.03515625
0 0.443359375 0.8857421875 0.080078125 0.1123046875
0 0.376953125 0.6142578125 0.0693359375 0.08984375
0 0.44921875 0.7099609375 0.0712890625 0.0859375
0 0.5234375 0.5625 0.0810546875 0.1025390625
0 0.5517578125 0.6650390625 0.0283203125 0.0517578125
0 0.5966796875 0.6494140625 0.0361328125 0.046875
0 0.5849609375 0.4384765625 0.021484375 0.037109375
0 0.6181640625 0.4169921875 0.041015625 0.048828125
0 0.583984375 0.5009765625 0.0498046875 0.033203125
0 0.390625 0.42578125 0.0419921875 0.0341796875
0 0.390625 0.5263671875 0.0830078125 0.0458984375
0 0.2822265625 0.6044921875 0.0400390625 0.0419921875
0 0.3203125 0.767578125 0.04296875 0.048828125
0 0.3232421875 0.68359375 0.017578125 0.0341796875
0 0.4130859375 0.32421875 0.03515625 0.05859375
0 0.431640625 0.2275390625 0.01953125 0.0224609375
0 0.810546875 0.12109375 0.0263671875 0.02734375
0 0.818359375 0.181640625 0.017578125 0.0283203125
0 0.5654296875 0.3486328125 0.03515625 0.08203125
0 0.0400390625 0.322265625 0.025390625 0.0380859375
0 0.0517578125 0.5673828125 0.0224609375 0.033203125
0 0.0732421875 0.66796875 0.017578125 0.025390625
0 0.1865234375 0.74609375 0.017578125 0.0224609375
0 0.2900390625 0.68359375 0.017578125 0.0537109375
0 0.22265625 0.3603515625 0.0244140625 0.033203125
0 0.3359375 0.29296875 0.021484375 0.05078125
0 0.494140625 0.474609375 0.0244140625 0.0361328125
0 0.5908203125 0.556640625 0.025390625 0.0498046875
0 0.4833984375 0.6474609375 0.0244140625 0.0498046875
0 0.3564453125 0.69921875 0.02734375 0.029296875
0 0.4658203125 0.3408203125 0.025390625 0.0400390625
0 0.55078125 0.865234375 0.025390625 0.048828125