0 0.5830078125 0.1494140625 0.0576171875 0.0625
0 0.361328125 0.244140625 0.025390625 0.0400390625
0 0.263671875 0.2578125 0.0390625 0.04296875
0 0.3330078125 0.2568359375 0.021484375 0.0517578125
0 0.302734375 0.37109375 0.0302734375 0.041015625
0 0.423828125 0.35546875 0.0341796875 0.0595703125
0 0.4228515625 0.46875 0.033203125 0.052734375
0 0.349609375 0.4384765625 0.0732421875 0.0390625
0 0.4755859375 0.5849609375 0.03125 0.041015625
0 0.6328125 0.6513671875 0.0830078125 0.150390625
0 0.57421875 0.6953125 0.0341796875 0.0439453125
0 0.7236328125 0.576171875 0.0400390625 0.0419921875
0 0.8134765625 0.556640625 0.0341796875 0.0732421875
0 0.78515625 0.3974609375 0.04296875 0.060546875
0 0.8701171875 0.3955078125 0.0224609375 0.017578125
0 0.8017578125 0.4931640625 0.0380859375 0.0458984375
0 0.876953125 0.693359375 0.05078125 0.1103515625
0 0.4599609375 0.673828125 0.0185546875 0.02734375
0 0.447265625 0.7373046875 0.01953125 0.0390625
0 0.3193359375 0.638671875 0.0107421875 0.0283203125
0 0.3486328125 0.6005859375 0.02734375 0.03125
0 0.529296875 0.35546875 0.041015625 0.0458984375
0 0.6298828125 0.4296875 0.02734375 0.0458984375
0 0.4013671875 0.884765625 0.0224609375 0.064453125
0 0.1728515625 0.681640625 0.0205078125 0.0419921875
0 0.2353515625 0.56640625 0.025390625 0.0458984375
0 0.5205078125 0.7822265625 0.0537109375 0.0859375
0 0.63671875 0.8046875 0.048828125 0.1064453125
0 0.53125 0.607421875 0.04296875 0.0615234375
0 0.3974609375 0.212890625 0.0185546875 0.05078125
0 0.4609375 0.2685546875 0.01953125 0.0712890625
0 0.4150390625 0.2822265625 0.0390625 0.0400390625
0 0.3583984375 0.3125 0.0615234375 0.0556640625