0 0.55859375 0.14453125 0.0625 0.06640625
0 0.34375 0.2548828125 0.02734375 0.041015625
0 0.2470703125 0.2744140625 0.041015625 0.044921875
0 0.31640625 0.26953125 0.025390625 0.052734375
0 0.2939453125 0.384765625 0.033203125 0.04296875
0 0.4140625 0.361328125 0.0390625 0.0625
0 0.4208984375 0.474609375 0.037109375 0.0546875
0 0.345703125 0.44921875 0.076171875 0.044921875
0 0.4814453125 0.5869140625 0.033203125 0.04296875
0 0.642578125 0.6416015625 0.09375 0.15625
0 0.587890625 0.689453125 0.037109375 0.046875
0 0.728515625 0.560546875 0.04296875 0.044921875
0 0.81640625 0.5341796875 0.0390625 0.076171875
0 0.77734375 0.3779296875 0.046875 0.0625
0 0.8623046875 0.3701171875 0.0234375 0.01953125
0 0.80078125 0.4716796875 0.041015625 0.048828125
0 0.8896484375 0.6669921875 0.05859375 0.11328125
0 0.47265625 0.67578125 0.01953125 0.029296875
0 0.4638671875 0.740234375 0.021484375 0.041015625
0 0.3291015625 0.6513671875 0.01171875 0.029296875
0 0.3564453125 0.611328125 0.029296875 0.033203125
0 0.51953125 0.353515625 0.044921875 0.048828125
0 0.625 0.4208984375 0.03125 0.046875
0 0.4287109375 0.890625 0.02734375 0.06640625
0 0.1865234375 0.7041015625 0.0234375 0.04296875
0 0.240234375 0.5849609375 0.029296875 0.046875
0 0.5400390625 0.7802734375 0.060546875 0.08984375
0 0.6572265625 0.7939453125 0.056640625 0.109375
0 0.5390625 0.6044921875 0.046875 0.064453125
0 0.3779296875 0.220703125 0.021484375 0.052734375
0 0.4453125 0.271484375 0.025390625 0.072265625
0 0.400390625 0.2890625 0.041015625 0.04296875
0 0.345703125 0.3232421875 0.064453125 0.060546875