0 0.59375 0.8486328125 0.0712890625 0.1494140625
0 0.703125 0.5830078125 0.0732421875 0.1298828125
0 0.3759765625 0.763671875 0.0673828125 0.1328125
0 0.9326171875 0.142578125 0.0751953125 0.115234375
0 0.259765625 0.8525390625 0.125 0.224609375
0 0.7587890625 0.1884765625 0.0888671875 0.1376953125
0 0.1923828125 0.6533203125 0.048828125 0.0947265625
0 0.8603515625 0.3095703125 0.046875 0.091796875
0 0.8466796875 0.419921875 0.140625 0.359375
0 0.7548828125 0.806640625 0.0830078125 0.162109375
0 0.1826171875 0.2646484375 0.0380859375 0.0546875
0 0.0830078125 0.5390625 0.0341796875 0.068359375
0 0.4228515625 0.447265625 0.029296875 0.0537109375
0 0.263671875 0.34375 0.0439453125 0.0810546875