0 0.8623046875 0.6298828125 0.0322265625 0.0625
0 0.427734375 0.8125 0.056640625 0.0634765625
0 0.7802734375 0.84765625 0.041015625 0.044921875
0 0.8154296875 0.515625 0.060546875 0.1025390625
0 0.2578125 0.052734375 0.20703125 0.10546875
0 0.8603515625 0.8330078125 0.08984375 0.0634765625
0 0.55859375 0.7470703125 0.0478515625 0.0498046875
0 0.4482421875 0.9150390625 0.0537109375 0.0400390625
0 0.9814453125 0.6708984375 0.037109375 0.0712890625
0 0.22265625 0.5126953125 0.0361328125 0.0439453125
0 0.640625 0.490234375 0.0546875 0.0927734375
0 0.625 0.359375 0.0634765625 0.1064453125
0 0.705078125 0.583984375 0.0634765625 0.1142578125
0 0.1240234375 0.521484375 0.033203125 0.0458984375
0 0.0244140625 0.642578125 0.048828125 0.0927734375
0 0.3388671875 0.349609375 0.0478515625 0.0791015625
0 0.4169921875 0.5634765625 0.0673828125 0.09765625
0 0.5625 0.8525390625 0.0654296875 0.0458984375
0 0.3017578125 0.8076171875 0.04296875 0.0556640625
0 0.73046875 0.759765625 0.0556640625 0.076171875
0 0.447265625 0.0166015625 0.05859375 0.0322265625
0 0.408203125 0.1318359375 0.0419921875 0.0810546875
0 0.17578125 0.7783203125 0.12890625 0.1044921875
0 0.9482421875 0.576171875 0.0576171875 0.0947265625
0 0.4697265625 0.3896484375 0.1533203125 0.16796875
0 0.2783203125 0.6357421875 0.1767578125 0.1533203125