0 0.66796875 0.603515625 0.064453125 0.130859375
0 0.4677734375 0.63671875 0.0732421875 0.2158203125
0 0.3720703125 0.4375 0.0673828125 0.099609375
0 0.4248046875 0.9130859375 0.07421875 0.1015625
0 0.8984375 0.015625 0.05859375 0.03125
0 0.7734375 0.28515625 0.123046875 0.177734375
0 0.802734375 0.0283203125 0.0361328125 0.05078125
0 0.6083984375 0.4228515625 0.060546875 0.123046875
0 0.375 0.8232421875 0.0458984375 0.0712890625
0 0.9619140625 0.1533203125 0.0673828125 0.107421875
0 0.64453125 0.2900390625 0.0361328125 0.0517578125
0 0.38671875 0.611328125 0.072265625 0.13671875
0 0.5126953125 0.38671875 0.1044921875 0.1455078125