0 0.73828125 0.4052734375 0.060546875 0.0537109375
0 0.57421875 0.3515625 0.05859375 0.048828125
0 0.5126953125 0.572265625 0.064453125 0.083984375
0 0.654296875 0.6376953125 0.0556640625 0.0693359375
0 0.2109375 0.80078125 0.033203125 0.0625
0 0.4423828125 0.7978515625 0.0517578125 0.0361328125
0 0.384765625 0.6796875 0.05859375 0.0576171875
0 0.388671875 0.30078125 0.03515625 0.029296875
0 0.7841796875 0.3349609375 0.052734375 0.0439453125
0 0.7607421875 0.5927734375 0.0576171875 0.0771484375
0 0.548828125 0.4482421875 0.060546875 0.076171875
0 0.3896484375 0.2314453125 0.1455078125 0.0712890625
0 0.5322265625 0.2431640625 0.0908203125 0.0693359375
0 0.6435546875 0.265625 0.060546875 0.1015625
0 0.75 0.267578125 0.0927734375 0.076171875
0 0.46875 0.365234375 0.12890625 0.0703125
0 0.5087890625 0.693359375 0.111328125 0.09765625
0 0.4150390625 0.5966796875 0.0888671875 0.08203125
0 0.5166015625 0.775390625 0.080078125 0.060546875
0 0.3115234375 0.7509765625 0.1279296875 0.08203125
0 0.666015625 0.3544921875 0.0693359375 0.0693359375