0 0.7216796875 0.6083984375 0.0859375 0.11328125
0 0.6142578125 0.2158203125 0.0390625 0.068359375
0 0.162109375 0.9306640625 0.08984375 0.138671875
0 0.4521484375 0.83203125 0.076171875 0.111328125
0 0.529296875 0.5859375 0.087890625 0.130859375
0 0.1513671875 0.5986328125 0.056640625 0.140625
0 0.6943359375 0.2490234375 0.037109375 0.0625
0 0.681640625 0.37890625 0.125 0.234375
0 0.59375 0.048828125 0.037109375 0.052734375
0 0.0625 0.9306640625 0.06640625 0.138671875
0 0.666015625 0.849609375 0.08203125 0.15625
0 0.5341796875 0.7080078125 0.076171875 0.087890625
0 0.3740234375 0.7265625 0.068359375 0.12890625
0 0.328125 0.640625 0.046875 0.0625
0 0.7529296875 0.2275390625 0.068359375 0.080078125
0 0.794921875 0.3544921875 0.078125 0.123046875