0 0.154296875 0.16796875 0.1171875 0.10546875
0 0.40234375 0.4326171875 0.123046875 0.08984375
0 0.173828125 0.2685546875 0.1796875 0.087890625
0 0.2138671875 0.5703125 0.20703125 0.1015625
0 0.5341796875 0.6396484375 0.150390625 0.119140625
0 0.55859375 0.8017578125 0.13671875 0.134765625
0 0.4130859375 0.34765625 0.125 0.068359375
0 0.3701171875 0.087890625 0.08984375 0.078125
0 0.900390625 0.7021484375 0.12109375 0.08203125
0 0.7158203125 0.703125 0.162109375 0.103515625
0 0.35546875 0.74609375 0.072265625 0.064453125