0 0.966796875 0.365234375 0.041015625 0.087890625
0 0.8681640625 0.306640625 0.041015625 0.083984375
0 0.875 0.6962890625 0.078125 0.166015625
0 0.5771484375 0.271484375 0.146484375 0.19140625
0 0.5498046875 0.53125 0.11328125 0.15625
0 0.4248046875 0.505859375 0.12890625 0.23828125
0 0.08984375 0.8203125 0.119140625 0.140625
0 0.15625 0.2939453125 0.087890625 0.138671875
0 0.3173828125 0.2626953125 0.09375 0.1328125
0 0.1240234375 0.1611328125 0.08984375 0.111328125
0 0.4736328125 0.107421875 0.048828125 0.091796875
0 0.78125 0.40234375 0.046875 0.107421875
0 0.7255859375 0.146484375 0.158203125 0.123046875
0 0.2783203125 0.474609375 0.14453125 0.12890625
0 0.2314453125 0.810546875 0.08203125 0.087890625