0 0.2490234375 0.1669921875 0.0341796875 0.0546875
0 0.7333984375 0.1982421875 0.033203125 0.064453125
0 0.6728515625 0.314453125 0.0224609375 0.056640625
0 0.7177734375 0.5693359375 0.0615234375 0.123046875
0 0.2333984375 0.2900390625 0.05078125 0.07421875
0 0.46875 0.8857421875 0.150390625 0.2060546875
0 0.408203125 0.5458984375 0.0439453125 0.0791015625
0 0.7998046875 0.140625 0.01953125 0.03125
0 0.740234375 0.4375 0.0361328125 0.06640625
0 0.8115234375 0.3037109375 0.044921875 0.115234375
0 0.55859375 0.705078125 0.0576171875 0.0703125
0 0.138671875 0.283203125 0.0234375 0.0439453125
0 0.81640625 0.162109375 0.02734375 0.0576171875
0 0.68359375 0.0380859375 0.158203125 0.076171875
0 0.314453125 0.7333984375 0.0771484375 0.095703125
0 0.3232421875 0.8935546875 0.03515625 0.0537109375
0 0.37109375 0.275390625 0.1005859375 0.2138671875
0 0.3359375 0.4990234375 0.140625 0.17578125
0 0.6455078125 0.439453125 0.080078125 0.166015625
0 0.60546875 0.2275390625 0.060546875 0.1220703125
0 0.6669921875 0.79296875 0.078125 0.19140625
0 0.2099609375 0.6123046875 0.1171875 0.1171875