0 0.3544921875 0.7431640625 0.0361328125 0.03515625
0 0.8310546875 0.609375 0.0400390625 0.076171875
0 0.4384765625 0.6376953125 0.0703125 0.08984375
0 0.720703125 0.087890625 0.078125 0.1240234375
0 0.529296875 0.357421875 0.048828125 0.0546875
0 0.306640625 0.6181640625 0.095703125 0.06640625
0 0.37890625 0.359375 0.142578125 0.080078125
0 0.5283203125 0.6396484375 0.1455078125 0.103515625
0 0.7392578125 0.626953125 0.0556640625 0.0498046875
0 0.6552734375 0.46484375 0.0283203125 0.025390625
0 0.501953125 0.9013671875 0.04296875 0.0439453125
0 0.59375 0.966796875 0.0244140625 0.029296875
0 0.884765625 0.9052734375 0.04296875 0.037109375
0 0.5009765625 0.9697265625 0.0908203125 0.060546875
0 0.427734375 0.9267578125 0.02734375 0.0458984375
0 0.8447265625 0.7080078125 0.0400390625 0.052734375
0 0.5009765625 0.7919921875 0.0546875 0.0703125