0 0.6640625 0.609375 0.068359375 0.1328125
0 0.462890625 0.6357421875 0.080078125 0.21875
0 0.3740234375 0.4326171875 0.0703125 0.1015625
0 0.41015625 0.91015625 0.078125 0.103515625
0 0.9150390625 0.0302734375 0.060546875 0.033203125
0 0.78125 0.294921875 0.12890625 0.181640625
0 0.8193359375 0.0390625 0.037109375 0.052734375
0 0.611328125 0.4267578125 0.064453125 0.125
0 0.3642578125 0.818359375 0.048828125 0.072265625
0 0.96875 0.169921875 0.0625 0.109375
0 0.6513671875 0.294921875 0.037109375 0.052734375
0 0.3828125 0.607421875 0.076171875 0.138671875
0 0.5166015625 0.3876953125 0.109375 0.1484375