0 0.2666015625 0.154296875 0.037109375 0.056640625
0 0.7490234375 0.2109375 0.037109375 0.06640625
0 0.6826171875 0.32421875 0.025390625 0.05859375
0 0.7138671875 0.5810546875 0.068359375 0.126953125
0 0.2451171875 0.2763671875 0.0546875 0.076171875
0 0.4482421875 0.8837890625 0.16015625 0.212890625
0 0.40625 0.541015625 0.048828125 0.08203125
0 0.818359375 0.1572265625 0.021484375 0.033203125
0 0.7431640625 0.4501953125 0.0390625 0.068359375
0 0.8212890625 0.3203125 0.05078125 0.1171875
0 0.5478515625 0.7080078125 0.060546875 0.072265625
0 0.150390625 0.2646484375 0.025390625 0.044921875
0 0.833984375 0.1787109375 0.03125 0.05859375
0 0.70703125 0.0478515625 0.162109375 0.083984375
0 0.302734375 0.7236328125 0.08203125 0.099609375
0 0.302734375 0.8837890625 0.037109375 0.0546875
0 0.3828125 0.2685546875 0.111328125 0.21875
0 0.3359375 0.490234375 0.150390625 0.18359375
0 0.6484375 0.447265625 0.087890625 0.169921875
0 0.619140625 0.2333984375 0.06640625 0.125
0 0.6513671875 0.8017578125 0.087890625 0.1953125
0 0.2041015625 0.5966796875 0.123046875 0.123046875