0 0.9091796875 0.1025390625 0.0478515625 0.0732421875
0 0.388671875 0.4326171875 0.0859375 0.1650390625
0 0.5234375 0.38671875 0.0576171875 0.08203125
0 0.8115234375 0.1279296875 0.078125 0.08203125
0 0.771484375 0.0498046875 0.037109375 0.048828125
0 0.6630859375 0.205078125 0.01953125 0.044921875
0 0.91015625 0.1962890625 0.0302734375 0.0322265625
0 0.9462890625 0.46875 0.0322265625 0.0322265625
0 0.86328125 0.234375 0.0498046875 0.0703125
0 0.966796875 0.0302734375 0.046875 0.060546875
0 0.7744140625 0.41796875 0.0498046875 0.0498046875
0 0.7744140625 0.2333984375 0.041015625 0.0390625
0 0.91015625 0.38671875 0.04296875 0.08203125
0 0.6767578125 0.01171875 0.033203125 0.0234375
0 0.6298828125 0.0283203125 0.025390625 0.0498046875
0 0.7197265625 0.56640625 0.0361328125 0.0673828125
0 0.85546875 0.0107421875 0.02734375 0.0205078125
0 0.4697265625 0.0849609375 0.08984375 0.1689453125
0 0.4404296875 0.748046875 0.091796875 0.1181640625
0 0.796875 0.2978515625 0.03125 0.041015625
0 0.9150390625 0.0185546875 0.0400390625 0.0361328125
0 0.548828125 0.6103515625 0.1240234375 0.173828125
0 0.380859375 0.6123046875 0.138671875 0.154296875
0 0.474609375 0.458984375 0.0537109375 0.119140625
0 0.578125 0.1435546875 0.0712890625 0.2060546875
0 0.72265625 0.1513671875 0.0576171875 0.1484375