0 0.056640625 0.0205078125 0.06640625 0.041015625
0 0.2255859375 0.0341796875 0.056640625 0.068359375
0 0.560546875 0.853515625 0.1171875 0.24609375
0 0.6865234375 0.650390625 0.154296875 0.28125
0 0.8125 0.0556640625 0.15625 0.087890625
0 0.5673828125 0.3779296875 0.0546875 0.11328125
0 0.5732421875 0.5888671875 0.0859375 0.125
0 0.1142578125 0.0595703125 0.05078125 0.095703125
0 0.896484375 0.740234375 0.111328125 0.220703125
0 0.349609375 0.015625 0.078125 0.03125
0 0.20703125 0.330078125 0.10546875 0.2109375
0 0.34765625 0.8408203125 0.208984375 0.193359375
0 0.068359375 0.94140625 0.13671875 0.07421875
0 0.189453125 0.69921875 0.05859375 0.083984375
0 0.98046875 0.111328125 0.0390625 0.17578125
0 0.494140625 0.13671875 0.11328125 0.224609375
0 0.48046875 0.9501953125 0.0234375 0.037109375
0 0.8974609375 0.3056640625 0.095703125 0.140625
0 0.0634765625 0.5400390625 0.126953125 0.416015625
0 0.4013671875 0.400390625 0.205078125 0.177734375
0 0.0927734375 0.8251953125 0.08203125 0.146484375
0 0.873046875 0.4765625 0.138671875 0.15234375
0 0.732421875 0.28125 0.12890625 0.30078125
0 0.70703125 0.93359375 0.1328125 0.1328125