0 0.794921875 0.6015625 0.04296875 0.06640625
0 0.4892578125 0.9765625 0.03515625 0.044921875
0 0.728515625 0.4482421875 0.041015625 0.076171875
0 0.474609375 0.314453125 0.091796875 0.115234375
0 0.5927734375 0.7177734375 0.052734375 0.072265625
0 0.595703125 0.84375 0.046875 0.048828125
0 0.599609375 0.2978515625 0.0703125 0.091796875
0 0.53125 0.6796875 0.025390625 0.03515625
0 0.7890625 0.6943359375 0.03515625 0.037109375
0 0.3994140625 0.72265625 0.046875 0.0546875
0 0.6826171875 0.6572265625 0.02734375 0.048828125
0 0.6767578125 0.140625 0.068359375 0.0859375
0 0.3369140625 0.1904296875 0.04296875 0.0390625
0 0.685546875 0.7373046875 0.044921875 0.044921875
0 0.66015625 0.857421875 0.041015625 0.06640625
0 0.599609375 0.580078125 0.044921875 0.107421875
0 0.6787109375 0.345703125 0.076171875 0.1484375
0 0.4892578125 0.5576171875 0.0625 0.080078125
0 0.6044921875 0.90234375 0.06640625 0.06640625
0 0.55859375 0.58203125 0.0546875 0.115234375
0 0.240234375 0.982421875 0.0546875 0.025390625
0 0.7607421875 0.7451171875 0.033203125 0.048828125
0 0.7333984375 0.7041015625 0.029296875 0.0390625
0 0.5947265625 0.12890625 0.095703125 0.15234375
0 0.4482421875 0.1611328125 0.15234375 0.1640625
0 0.2158203125 0.54296875 0.126953125 0.12890625
0 0.3642578125 0.2861328125 0.076171875 0.06640625
0 0.2919921875 0.69921875 0.091796875 0.0703125