0 0.2861328125 0.6240234375 0.078125 0.107421875
0 0.3662109375 0.224609375 0.0341796875 0.0654296875
0 0.8671875 0.9130859375 0.0791015625 0.1474609375
0 0.5712890625 0.828125 0.068359375 0.1064453125
0 0.4765625 0.587890625 0.080078125 0.125
0 0.8544921875 0.57421875 0.0478515625 0.1376953125
0 0.2890625 0.2626953125 0.033203125 0.060546875
0 0.310546875 0.3916015625 0.109375 0.2265625
0 0.375 0.056640625 0.0341796875 0.05078125
0 0.966796875 0.9091796875 0.056640625 0.15234375
0 0.3583984375 0.8603515625 0.072265625 0.1513671875
0 0.48046875 0.7099609375 0.0703125 0.0830078125
0 0.6416015625 0.716796875 0.060546875 0.125
0 0.681640625 0.6279296875 0.04296875 0.060546875
0 0.228515625 0.24609375 0.0625 0.076171875
0 0.1953125 0.375 0.0693359375 0.1181640625