0 0.259765625 0.8408203125 0.046875 0.0859375
0 0.6142578125 0.4521484375 0.0546875 0.08984375
0 0.7744140625 0.0283203125 0.048828125 0.0546875
0 0.0849609375 0.0146484375 0.041015625 0.029296875
0 0.6650390625 0.0615234375 0.125 0.123046875
0 0.4736328125 0.046875 0.056640625 0.09375
0 0.2470703125 0.0224609375 0.068359375 0.044921875
0 0.98046875 0.9365234375 0.037109375 0.1171875
0 0.3818359375 0.318359375 0.04296875 0.10546875
0 0.9794921875 0.76171875 0.0390625 0.1015625
0 0.044921875 0.017578125 0.03515625 0.03515625
0 0.373046875 0.18359375 0.103515625 0.09375
0 0.45703125 0.287109375 0.087890625 0.25
0 0.5576171875 0.021484375 0.076171875 0.04296875
0 0.8662109375 0.3388671875 0.08203125 0.12890625
0 0.70703125 0.0107421875 0.04296875 0.01953125
0 0.20703125 0.2900390625 0.02734375 0.083984375
0 0.169921875 0.3251953125 0.01953125 0.052734375
0 0.1005859375 0.109375 0.0546875 0.0625
0 0.1337890625 0.412109375 0.03515625 0.0625
0 0.7783203125 0.505859375 0.1328125 0.1640625
0 0.7802734375 0.28515625 0.07421875 0.1640625
0 0.689453125 0.2724609375 0.07421875 0.1171875
0 0.8466796875 0.7646484375 0.09375 0.1875
0 0.6943359375 0.7060546875 0.146484375 0.19140625
0 0.517578125 0.619140625 0.169921875 0.193359375
0 0.5625 0.78515625 0.0859375 0.123046875
0 0.3173828125 0.5400390625 0.154296875 0.29296875
0 0.759765625 0.8876953125 0.06640625 0.10546875