0 0.6494140625 0.740234375 0.037109375 0.03515625
0 0.1708984375 0.615234375 0.041015625 0.076171875
0 0.5634765625 0.63671875 0.072265625 0.091796875
0 0.2724609375 0.091796875 0.080078125 0.125
0 0.4677734375 0.3583984375 0.048828125 0.0546875
0 0.6953125 0.615234375 0.09765625 0.068359375
0 0.6181640625 0.357421875 0.14453125 0.08203125
0 0.474609375 0.6396484375 0.146484375 0.10546875
0 0.2626953125 0.630859375 0.056640625 0.05078125
0 0.34375 0.4677734375 0.029296875 0.025390625
0 0.5048828125 0.9013671875 0.04296875 0.044921875
0 0.4140625 0.96875 0.025390625 0.029296875
0 0.1220703125 0.912109375 0.04296875 0.037109375
0 0.5068359375 0.96875 0.091796875 0.0625
0 0.580078125 0.92578125 0.02734375 0.046875
0 0.1591796875 0.7138671875 0.041015625 0.052734375
0 0.50390625 0.7919921875 0.056640625 0.0703125