0 0.138671875 0.6640625 0.05859375 0.10546875
0 0.25 0.623046875 0.0908203125 0.1005859375
0 0.2431640625 0.1845703125 0.0712890625 0.0888671875
0 0.1298828125 0.2607421875 0.046875 0.044921875
0 0.197265625 0.21484375 0.0458984375 0.048828125
0 0.4775390625 0.607421875 0.125 0.1865234375
0 0.3896484375 0.248046875 0.1650390625 0.251953125
0 0.615234375 0.2421875 0.224609375 0.2509765625
0 0.845703125 0.2470703125 0.14453125 0.26953125
0 0.826171875 0.666015625 0.2861328125 0.1826171875
0 0.2734375 0.734375 0.1181640625 0.080078125
0 0.607421875 0.599609375 0.0966796875 0.1474609375
0 0.2138671875 0.322265625 0.0986328125 0.09375