0 0.2587890625 0.6337890625 0.048828125 0.05859375
0 0.28515625 0.4443359375 0.0546875 0.0546875
0 0.673828125 0.435546875 0.087890625 0.095703125
0 0.0166015625 0.328125 0.0234375 0.056640625
0 0.4052734375 0.623046875 0.033203125 0.041015625
0 0.17578125 0.556640625 0.03515625 0.033203125
0 0.26953125 0.5458984375 0.0546875 0.044921875
0 0.546875 0.55859375 0.11328125 0.06640625
0 0.373046875 0.5478515625 0.04296875 0.025390625
0 0.234375 0.1826171875 0.134765625 0.087890625
0 0.529296875 0.232421875 0.1015625 0.064453125