0 0.263671875 0.642578125 0.046875 0.056640625
0 0.283203125 0.4521484375 0.0537109375 0.0537109375
0 0.671875 0.4296875 0.0849609375 0.0927734375
0 0.0107421875 0.3447265625 0.021484375 0.056640625
0 0.4091796875 0.6259765625 0.0322265625 0.0390625
0 0.177734375 0.568359375 0.033203125 0.03125
0 0.271484375 0.5537109375 0.0537109375 0.04296875
0 0.548828125 0.556640625 0.111328125 0.0634765625
0 0.375 0.552734375 0.0419921875 0.0244140625
0 0.2236328125 0.1923828125 0.1328125 0.0830078125
0 0.51953125 0.2314453125 0.099609375 0.0615234375