0 0.263671875 0.4013671875 0.060546875 0.0546875
0 0.4287109375 0.3505859375 0.05859375 0.05078125
0 0.486328125 0.572265625 0.06640625 0.0859375
0 0.34375 0.634765625 0.056640625 0.0703125
0 0.7841796875 0.8056640625 0.03515625 0.0625
0 0.552734375 0.798828125 0.052734375 0.037109375
0 0.6123046875 0.681640625 0.060546875 0.05859375
0 0.615234375 0.302734375 0.03515625 0.029296875
0 0.21875 0.330078125 0.052734375 0.044921875
0 0.2373046875 0.587890625 0.05859375 0.078125
0 0.4521484375 0.447265625 0.0625 0.078125
0 0.615234375 0.2333984375 0.146484375 0.07421875
0 0.47265625 0.2421875 0.091796875 0.0703125
0 0.3603515625 0.2626953125 0.0625 0.103515625
0 0.25390625 0.263671875 0.09375 0.078125
0 0.533203125 0.3662109375 0.130859375 0.072265625
0 0.48828125 0.693359375 0.11328125 0.099609375
0 0.5830078125 0.5986328125 0.08984375 0.083984375
0 0.478515625 0.775390625 0.08203125 0.0625
0 0.68359375 0.75390625 0.12890625 0.083984375
0 0.3369140625 0.3515625 0.0703125 0.0703125