0 0.5234375 0.6357421875 0.1015625 0.1875
0 0.6748046875 0.5791015625 0.046875 0.072265625
0 0.8212890625 0.3095703125 0.080078125 0.11328125
0 0.6787109375 0.4228515625 0.05078125 0.095703125
0 0.9462890625 0.9697265625 0.0546875 0.044921875
0 0.5810546875 0.3701171875 0.09765625 0.171875
0 0.4990234375 0.451171875 0.0625 0.125
0 0.8291015625 0.5634765625 0.037109375 0.1328125
0 0.896484375 0.5478515625 0.046875 0.142578125
0 0.9541015625 0.5244140625 0.033203125 0.0546875
0 0.3623046875 0.3623046875 0.12109375 0.17578125