0 0.14453125 0.6767578125 0.0625 0.107421875
0 0.2548828125 0.6318359375 0.09375 0.103515625
0 0.232421875 0.193359375 0.07421875 0.091796875
0 0.1220703125 0.2734375 0.048828125 0.046875
0 0.1875 0.2255859375 0.046875 0.05078125
0 0.4814453125 0.6083984375 0.130859375 0.19140625
0 0.380859375 0.251953125 0.173828125 0.2578125
0 0.6064453125 0.23828125 0.232421875 0.2578125
0 0.8369140625 0.2353515625 0.154296875 0.2734375
0 0.83203125 0.654296875 0.29296875 0.193359375
0 0.2822265625 0.7421875 0.12109375 0.083984375
0 0.6103515625 0.595703125 0.1015625 0.150390625
0 0.2080078125 0.33203125 0.1015625 0.09765625