0 0.78125 0.638671875 0.125 0.1796875
0 0.2412109375 0.59765625 0.07421875 0.13671875
0 0.421875 0.525390625 0.0859375 0.23828125
0 0.6455078125 0.298828125 0.236328125 0.08984375
0 0.6240234375 0.2119140625 0.291015625 0.076171875
0 0.3876953125 0.2158203125 0.123046875 0.0859375
0 0.638671875 0.794921875 0.17578125 0.09765625
0 0.4228515625 0.8203125 0.2109375 0.087890625
0 0.36328125 0.7001953125 0.203125 0.091796875
0 0.580078125 0.544921875 0.078125 0.078125
0 0.333984375 0.5419921875 0.046875 0.0625
0 0.24609375 0.302734375 0.08984375 0.0703125