0 0.203125 0.5966796875 0.0419921875 0.0654296875
0 0.501953125 0.9765625 0.0341796875 0.044921875
0 0.2724609375 0.4443359375 0.0400390625 0.076171875
0 0.5283203125 0.314453125 0.0888671875 0.1142578125
0 0.4033203125 0.7158203125 0.05078125 0.072265625
0 0.3984375 0.841796875 0.0458984375 0.048828125
0 0.404296875 0.2958984375 0.068359375 0.08984375
0 0.4658203125 0.6787109375 0.025390625 0.03515625
0 0.2080078125 0.689453125 0.03515625 0.037109375
0 0.5966796875 0.724609375 0.0458984375 0.0546875
0 0.314453125 0.654296875 0.0263671875 0.0478515625
0 0.3291015625 0.1376953125 0.06640625 0.083984375
0 0.6689453125 0.193359375 0.04296875 0.0390625
0 0.310546875 0.734375 0.0439453125 0.044921875
0 0.333984375 0.8544921875 0.0400390625 0.0654296875
0 0.3994140625 0.578125 0.04296875 0.1064453125
0 0.32421875 0.3427734375 0.0732421875 0.146484375
0 0.509765625 0.5576171875 0.060546875 0.078125
0 0.388671875 0.900390625 0.064453125 0.064453125
0 0.4404296875 0.5810546875 0.0517578125 0.115234375
0 0.7509765625 0.9873046875 0.0537109375 0.0244140625
0 0.2353515625 0.740234375 0.033203125 0.048828125
0 0.2626953125 0.7001953125 0.029296875 0.0380859375
0 0.412109375 0.126953125 0.0927734375 0.150390625
0 0.5576171875 0.162109375 0.150390625 0.1611328125
0 0.783203125 0.5478515625 0.1240234375 0.1259765625
0 0.6396484375 0.2880859375 0.0751953125 0.0654296875
0 0.7041015625 0.703125 0.0908203125 0.0693359375