0 0.21875 0.638671875 0.1240234375 0.1796875
0 0.7587890625 0.59765625 0.07421875 0.13671875
0 0.578125 0.525390625 0.0869140625 0.2392578125
0 0.3544921875 0.298828125 0.236328125 0.0908203125
0 0.3759765625 0.2119140625 0.291015625 0.076171875
0 0.6123046875 0.2158203125 0.123046875 0.0849609375
0 0.361328125 0.794921875 0.17578125 0.0966796875
0 0.5771484375 0.8203125 0.2119140625 0.087890625
0 0.63671875 0.7001953125 0.2041015625 0.091796875
0 0.419921875 0.544921875 0.0771484375 0.0791015625
0 0.666015625 0.5419921875 0.0458984375 0.0625
0 0.75390625 0.302734375 0.0888671875 0.0703125