0 0.28125 0.4072265625 0.08984375 0.11328125
0 0.1064453125 0.7109375 0.060546875 0.09375
0 0.4541015625 0.669921875 0.08984375 0.10546875
0 0.017578125 0.623046875 0.02734375 0.1015625
0 0.08984375 0.955078125 0.13671875 0.08984375
0 0.703125 0.20703125 0.490234375 0.283203125
0 0.2412109375 0.6064453125 0.2578125 0.1640625
0 0.6484375 0.6767578125 0.19921875 0.1640625
0 0.2763671875 0.7841796875 0.1875 0.18359375
0 0.86328125 0.56640625 0.220703125 0.140625
0 0.361328125 0.2412109375 0.17578125 0.16796875