0 0.904296875 0.3125 0.0693359375 0.0888671875
0 0.61328125 0.7841796875 0.0546875 0.1064453125
0 0.67578125 0.67578125 0.1044921875 0.1416015625
0 0.9296875 0.1865234375 0.0654296875 0.10546875
0 0.76171875 0.8408203125 0.083984375 0.146484375
0 0.341796875 0.896484375 0.1123046875 0.1748046875
0 0.1982421875 0.1708984375 0.0498046875 0.083984375
0 0.5283203125 0.9208984375 0.05859375 0.10546875
0 0.353515625 0.697265625 0.1376953125 0.1904296875
0 0.96875 0.419921875 0.0537109375 0.0927734375
0 0.3134765625 0.3125 0.134765625 0.2138671875
0 0.033203125 0.96875 0.06640625 0.0625
0 0.515625 0.5 0.07421875 0.193359375
0 0.91796875 0.8330078125 0.1298828125 0.216796875
0 0.1396484375 0.41015625 0.048828125 0.0732421875
0 0.640625 0.404296875 0.177734375 0.3134765625
0 0.025390625 0.416015625 0.05078125 0.18359375
0 0.1083984375 0.212890625 0.0625 0.0712890625
0 0.0224609375 0.072265625 0.04296875 0.142578125
0 0.021484375 0.208984375 0.0419921875 0.07421875
0 0.9326171875 0.4853515625 0.05078125 0.064453125
0 0.232421875 0.8798828125 0.052734375 0.1015625
0 0.7353515625 0.20703125 0.0439453125 0.0712890625
0 0.0546875 0.5595703125 0.064453125 0.1025390625
0 0.0244140625 0.693359375 0.048828125 0.1796875
0 0.7275390625 0.12890625 0.0673828125 0.05859375
0 0.8583984375 0.6552734375 0.0498046875 0.0966796875
0 0.1171875 0.02734375 0.05078125 0.0517578125
0 0.4375 0.2666015625 0.1689453125 0.1552734375