0 0.958984375 0.3408203125 0.0361328125 0.0869140625
0 0.857421875 0.2880859375 0.037109375 0.0830078125
0 0.884765625 0.6767578125 0.0703125 0.1630859375
0 0.5654296875 0.267578125 0.13671875 0.1845703125
0 0.5517578125 0.5283203125 0.10546875 0.1513671875
0 0.4248046875 0.509765625 0.1171875 0.2333984375
0 0.107421875 0.841796875 0.111328125 0.1357421875
0 0.1455078125 0.3125 0.0810546875 0.134765625
0 0.3056640625 0.2724609375 0.0869140625 0.12890625
0 0.1064453125 0.181640625 0.083984375 0.107421875
0 0.453125 0.109375 0.044921875 0.08984375
0 0.775390625 0.3876953125 0.0419921875 0.10546875
0 0.70703125 0.134765625 0.15234375 0.1142578125
0 0.27734375 0.486328125 0.1376953125 0.1220703125
0 0.248046875 0.82421875 0.0771484375 0.083984375