0 0.78125 0.6083984375 0.0771484375 0.115234375
0 0.98046875 0.4619140625 0.0380859375 0.1181640625
0 0.1201171875 0.4052734375 0.044921875 0.1318359375
0 0.232421875 0.58203125 0.111328125 0.0732421875
0 0.30078125 0.3076171875 0.2880859375 0.1279296875
0 0.4560546875 0.203125 0.265625 0.0654296875
0 0.6328125 0.31640625 0.3017578125 0.138671875
0 0.2001953125 0.67578125 0.2421875 0.0732421875
0 0.8017578125 0.759765625 0.1416015625 0.14453125
0 0.21875 0.7744140625 0.162109375 0.1005859375
0 0.56640625 0.6142578125 0.279296875 0.111328125