0 0.2978515625 0.6181640625 0.064453125 0.11328125
0 0.2490234375 0.0263671875 0.0673828125 0.0517578125
0 0.3681640625 0.041015625 0.056640625 0.0810546875
0 0.080078125 0.2890625 0.16015625 0.384765625
0 0.7587890625 0.017578125 0.0458984375 0.03515625
0 0.673828125 0.3916015625 0.298828125 0.4951171875
0 0.4111328125 0.5048828125 0.197265625 0.2900390625
0 0.7841796875 0.8271484375 0.046875 0.0908203125
0 0.4267578125 0.1513671875 0.064453125 0.1337890625
0 0.337890625 0.2744140625 0.052734375 0.1357421875
0 0.3935546875 0.283203125 0.03515625 0.0556640625
0 0.2001953125 0.130859375 0.068359375 0.1748046875
0 0.0400390625 0.6552734375 0.0615234375 0.1376953125
0 0.138671875 0.7177734375 0.0634765625 0.1025390625
0 0.2001953125 0.5556640625 0.0439453125 0.1533203125
0 0.1484375 0.6142578125 0.056640625 0.08203125
0 0.37890625 0.7080078125 0.0810546875 0.1181640625