0 0.20703125 0.2861328125 0.05859375 0.068359375
0 0.01171875 0.8046875 0.0234375 0.125
0 0.25390625 0.0849609375 0.140625 0.169921875
0 0.34765625 0.6513671875 0.07421875 0.111328125
0 0.9091796875 0.6611328125 0.181640625 0.541015625
0 0.01953125 0.4765625 0.037109375 0.07421875
0 0.142578125 0.552734375 0.181640625 0.138671875
0 0.3447265625 0.55078125 0.1796875 0.07421875
0 0.6884765625 0.6572265625 0.1953125 0.23046875
0 0.423828125 0.751953125 0.125 0.0703125
0 0.5986328125 0.83203125 0.12109375 0.078125
0 0.2001953125 0.798828125 0.220703125 0.13671875