0 0.96875 0.0322265625 0.0625 0.0634765625
0 0.798828125 0.041015625 0.052734375 0.0810546875
0 0.4208984375 0.849609375 0.10546875 0.240234375
0 0.3056640625 0.640625 0.140625 0.2734375
0 0.2109375 0.0400390625 0.15234375 0.080078125
0 0.439453125 0.375 0.048828125 0.1103515625
0 0.421875 0.5849609375 0.080078125 0.1201171875
0 0.908203125 0.080078125 0.046875 0.09375
0 0.091796875 0.71875 0.099609375 0.2158203125
0 0.6748046875 0.01953125 0.076171875 0.0390625
0 0.8017578125 0.345703125 0.095703125 0.20703125
0 0.634765625 0.8486328125 0.2001953125 0.18359375
0 0.9169921875 0.9638671875 0.1513671875 0.06640625
0 0.7998046875 0.71484375 0.0537109375 0.08203125
0 0.0283203125 0.0869140625 0.0537109375 0.1728515625
0 0.5244140625 0.1376953125 0.1025390625 0.2197265625
0 0.49609375 0.9501953125 0.0224609375 0.0361328125
0 0.11328125 0.28515625 0.087890625 0.13671875
0 0.939453125 0.5634765625 0.1201171875 0.41015625
0 0.603515625 0.4052734375 0.197265625 0.16796875
0 0.8896484375 0.845703125 0.07421875 0.142578125
0 0.12890625 0.45703125 0.1318359375 0.1455078125
0 0.279296875 0.26953125 0.11328125 0.294921875
0 0.26953125 0.9287109375 0.125 0.140625