0 0.83984375 0.162109375 0.1162109375 0.1025390625
0 0.5966796875 0.4306640625 0.1220703125 0.0869140625
0 0.822265625 0.2626953125 0.177734375 0.0849609375
0 0.787109375 0.5654296875 0.2060546875 0.0986328125
0 0.46875 0.640625 0.1474609375 0.1171875
0 0.4462890625 0.802734375 0.134765625 0.1328125
0 0.583984375 0.345703125 0.1240234375 0.0654296875
0 0.623046875 0.0859375 0.087890625 0.0771484375
0 0.103515625 0.708984375 0.119140625 0.080078125
0 0.2880859375 0.70703125 0.16015625 0.1005859375
0 0.6484375 0.7431640625 0.0703125 0.0634765625