0 0.9228515625 0.1171875 0.05078125 0.07421875
0 0.390625 0.4287109375 0.091796875 0.16796875
0 0.52734375 0.3876953125 0.060546875 0.083984375
0 0.82421875 0.138671875 0.080078125 0.083984375
0 0.787109375 0.0595703125 0.0390625 0.05078125
0 0.6728515625 0.2109375 0.021484375 0.044921875
0 0.9208984375 0.2109375 0.03125 0.033203125
0 0.947265625 0.484375 0.033203125 0.033203125
0 0.8720703125 0.2470703125 0.052734375 0.072265625
0 0.978515625 0.046875 0.04296875 0.0625
0 0.77734375 0.427734375 0.05078125 0.05078125
0 0.783203125 0.2431640625 0.04296875 0.041015625
0 0.9140625 0.4013671875 0.044921875 0.083984375
0 0.693359375 0.0185546875 0.033203125 0.025390625
0 0.646484375 0.033203125 0.02734375 0.05078125
0 0.716796875 0.57421875 0.0390625 0.068359375
0 0.8720703125 0.0234375 0.02734375 0.021484375
0 0.4833984375 0.0849609375 0.095703125 0.169921875
0 0.431640625 0.74609375 0.095703125 0.12109375
0 0.8037109375 0.30859375 0.033203125 0.04296875
0 0.931640625 0.033203125 0.041015625 0.037109375
0 0.544921875 0.6123046875 0.130859375 0.177734375
0 0.376953125 0.6083984375 0.14453125 0.158203125
0 0.4755859375 0.4580078125 0.05859375 0.12109375
0 0.5908203125 0.146484375 0.078125 0.208984375
0 0.734375 0.1591796875 0.0625 0.150390625