0 0.7685546875 0.36328125 0.03125 0.041015625
0 0.6357421875 0.583984375 0.0390625 0.05078125
0 0.9140625 0.5107421875 0.11328125 0.125
0 0.361328125 0.6806640625 0.078125 0.0625
0 0.5654296875 0.7021484375 0.125 0.1640625
0 0.4296875 0.5947265625 0.07421875 0.123046875
0 0.54296875 0.5654296875 0.08203125 0.09765625
0 0.6298828125 0.44921875 0.08984375 0.068359375
0 0.6728515625 0.2919921875 0.109375 0.091796875
0 0.7919921875 0.6103515625 0.08984375 0.078125
0 0.1953125 0.83203125 0.1015625 0.06640625
0 0.0966796875 0.755859375 0.09375 0.0625