0 0.20703125 0.0615234375 0.17578125 0.123046875
0 0.560546875 0.923828125 0.294921875 0.146484375
0 0.3427734375 0.130859375 0.1083984375 0.23828125
0 0.552734375 0.3173828125 0.126953125 0.2041015625
0 0.279296875 0.5107421875 0.1064453125 0.150390625
0 0.455078125 0.5400390625 0.1298828125 0.1728515625
0 0.6005859375 0.55859375 0.103515625 0.224609375
0 0.3330078125 0.650390625 0.087890625 0.09765625
0 0.4423828125 0.7197265625 0.087890625 0.1357421875
0 0.2451171875 0.73046875 0.05859375 0.1513671875
0 0.3310546875 0.8203125 0.0859375 0.134765625
0 0.275390625 0.3447265625 0.12890625 0.16015625