0 0.2001953125 0.296875 0.0556640625 0.06640625
0 0.0166015625 0.8212890625 0.0322265625 0.123046875
0 0.2392578125 0.0888671875 0.134765625 0.1748046875
0 0.3525390625 0.65625 0.0712890625 0.1083984375
0 0.9169921875 0.646484375 0.166015625 0.5361328125
0 0.0185546875 0.4931640625 0.03515625 0.072265625
0 0.14453125 0.5654296875 0.1767578125 0.1318359375
0 0.3466796875 0.556640625 0.177734375 0.068359375
0 0.693359375 0.650390625 0.1875 0.2236328125
0 0.4326171875 0.7548828125 0.123046875 0.06640625
0 0.6103515625 0.828125 0.119140625 0.0732421875
0 0.2109375 0.8095703125 0.216796875 0.12890625