0 0.2861328125 0.3955078125 0.0849609375 0.109375
0 0.095703125 0.6904296875 0.056640625 0.091796875
0 0.4453125 0.6669921875 0.083984375 0.1015625
0 0.01171875 0.59765625 0.0224609375 0.099609375
0 0.06640625 0.9443359375 0.1318359375 0.1044921875
0 0.7177734375 0.2177734375 0.4765625 0.2587890625
0 0.236328125 0.5927734375 0.2509765625 0.150390625
0 0.638671875 0.6845703125 0.1904296875 0.154296875
0 0.26171875 0.7724609375 0.1787109375 0.173828125
0 0.859375 0.5849609375 0.21484375 0.12890625
0 0.375 0.234375 0.1669921875 0.1591796875