0 0.6953125 0.62890625 0.0703125 0.1171875
0 0.775390625 0.0400390625 0.0703125 0.0546875
0 0.6552734375 0.048828125 0.060546875 0.083984375
0 0.919921875 0.3115234375 0.16015625 0.392578125
0 0.265625 0.01171875 0.046875 0.0234375
0 0.33203125 0.3828125 0.32421875 0.509765625
0 0.5888671875 0.509765625 0.212890625 0.30078125
0 0.19921875 0.8115234375 0.05078125 0.09375
0 0.591796875 0.1552734375 0.072265625 0.13671875
0 0.673828125 0.283203125 0.060546875 0.138671875
0 0.6171875 0.2890625 0.037109375 0.056640625
0 0.818359375 0.1474609375 0.078125 0.177734375
0 0.951171875 0.6787109375 0.068359375 0.140625
0 0.849609375 0.736328125 0.068359375 0.10546875
0 0.796875 0.5712890625 0.052734375 0.15625
0 0.8447265625 0.6328125 0.060546875 0.083984375
0 0.6103515625 0.7138671875 0.087890625 0.123046875