0 0.740234375 0.8408203125 0.0478515625 0.0859375
0 0.3857421875 0.4521484375 0.0537109375 0.0908203125
0 0.2255859375 0.0283203125 0.048828125 0.0556640625
0 0.9150390625 0.0146484375 0.041015625 0.029296875
0 0.3349609375 0.0615234375 0.1259765625 0.123046875
0 0.5263671875 0.046875 0.056640625 0.09375
0 0.7529296875 0.0224609375 0.068359375 0.044921875
0 0.01953125 0.9365234375 0.037109375 0.1162109375
0 0.6181640625 0.318359375 0.04296875 0.1044921875
0 0.0205078125 0.76171875 0.0400390625 0.1025390625
0 0.955078125 0.017578125 0.03515625 0.03515625
0 0.626953125 0.18359375 0.103515625 0.0947265625
0 0.54296875 0.287109375 0.087890625 0.25
0 0.4423828125 0.021484375 0.076171875 0.04296875
0 0.1337890625 0.3388671875 0.08203125 0.1279296875
0 0.29296875 0.0107421875 0.0419921875 0.0205078125
0 0.79296875 0.2900390625 0.0283203125 0.083984375
0 0.830078125 0.3251953125 0.01953125 0.052734375
0 0.8994140625 0.109375 0.0537109375 0.0625
0 0.8662109375 0.412109375 0.0341796875 0.0625
0 0.2216796875 0.505859375 0.1328125 0.1640625
0 0.2197265625 0.28515625 0.07421875 0.1640625
0 0.310546875 0.2724609375 0.07421875 0.1181640625
0 0.1533203125 0.7646484375 0.09375 0.1884765625
0 0.3056640625 0.7060546875 0.146484375 0.1904296875
0 0.482421875 0.619140625 0.169921875 0.193359375
0 0.4375 0.78515625 0.0859375 0.123046875
0 0.6826171875 0.5400390625 0.154296875 0.2919921875
0 0.240234375 0.8876953125 0.0673828125 0.1044921875