0 0.783203125 0.603515625 0.080078125 0.1171875
0 0.9794921875 0.453125 0.041015625 0.119140625
0 0.1181640625 0.412109375 0.046875 0.1328125
0 0.234375 0.5869140625 0.11328125 0.07421875
0 0.2978515625 0.3115234375 0.291015625 0.1328125
0 0.451171875 0.2041015625 0.267578125 0.0703125
0 0.6298828125 0.314453125 0.3046875 0.14453125
0 0.203125 0.6806640625 0.244140625 0.078125
0 0.806640625 0.7548828125 0.14453125 0.146484375
0 0.2236328125 0.779296875 0.1640625 0.103515625
0 0.568359375 0.61328125 0.28125 0.115234375