0 0.0869140625 0.333984375 0.07421875 0.091796875
0 0.4013671875 0.7900390625 0.060546875 0.109375
0 0.333984375 0.6845703125 0.111328125 0.146484375
0 0.0546875 0.208984375 0.0703125 0.109375
0 0.2568359375 0.8544921875 0.091796875 0.150390625
0 0.6787109375 0.8876953125 0.12109375 0.1796875
0 0.7841796875 0.1552734375 0.0546875 0.0859375
0 0.494140625 0.921875 0.064453125 0.107421875
0 0.65625 0.689453125 0.1484375 0.197265625
0 0.0283203125 0.4443359375 0.056640625 0.095703125
0 0.6767578125 0.302734375 0.146484375 0.220703125
0 0.9775390625 0.943359375 0.044921875 0.06640625
0 0.484375 0.5009765625 0.083984375 0.197265625
0 0.099609375 0.8544921875 0.140625 0.22265625
0 0.85546875 0.3916015625 0.052734375 0.076171875
0 0.3544921875 0.412109375 0.193359375 0.322265625
0 0.9697265625 0.3916015625 0.060546875 0.185546875
0 0.8759765625 0.1923828125 0.06640625 0.07421875
0 0.953125 0.0595703125 0.05078125 0.119140625
0 0.962890625 0.1845703125 0.044921875 0.076171875
0 0.0673828125 0.5078125 0.0546875 0.06640625
0 0.787109375 0.865234375 0.05859375 0.103515625
0 0.25 0.2197265625 0.046875 0.07421875
0 0.9482421875 0.5361328125 0.0703125 0.10546875
0 0.9775390625 0.6669921875 0.044921875 0.181640625
0 0.2529296875 0.1416015625 0.0703125 0.0625
0 0.150390625 0.673828125 0.0546875 0.099609375
0 0.8564453125 0.017578125 0.052734375 0.03515625
0 0.5498046875 0.263671875 0.177734375 0.1640625