0 0.8388671875 0.7958984375 0.048828125 0.0546875
0 0.685546875 0.2783203125 0.09375 0.08984375
0 0.39453125 0.4462890625 0.0546875 0.064453125
0 0.80078125 0.638671875 0.05078125 0.046875
0 0.2705078125 0.7919921875 0.03515625 0.04296875
0 0.3623046875 0.5703125 0.0625 0.078125
0 0.2177734375 0.4189453125 0.064453125 0.10546875
0 0.841796875 0.8876953125 0.0625 0.07421875
0 0.86328125 0.673828125 0.05078125 0.046875
0 0.51953125 0.341796875 0.125 0.0859375
0 0.416015625 0.7998046875 0.1328125 0.1171875
0 0.2041015625 0.935546875 0.16796875 0.12890625
0 0.1376953125 0.771484375 0.15234375 0.11328125
0 0.3193359375 0.6767578125 0.21484375 0.1015625