0 0.521484375 0.6357421875 0.0986328125 0.1865234375
0 0.673828125 0.58203125 0.0458984375 0.072265625
0 0.82421875 0.3154296875 0.0791015625 0.111328125
0 0.6796875 0.42578125 0.0498046875 0.095703125
0 0.9384765625 0.9775390625 0.0546875 0.0439453125
0 0.5830078125 0.37109375 0.0947265625 0.169921875
0 0.5 0.451171875 0.0595703125 0.1240234375
0 0.828125 0.5693359375 0.03515625 0.1318359375
0 0.8955078125 0.5546875 0.044921875 0.142578125
0 0.953125 0.5322265625 0.0322265625 0.0546875
0 0.3642578125 0.3603515625 0.1171875 0.173828125