0 0.849609375 0.1552734375 0.0390625 0.060546875
0 0.2744140625 0.1435546875 0.130859375 0.287109375
0 0.2412109375 0.76171875 0.1328125 0.22265625
0 0.779296875 0.2626953125 0.068359375 0.10546875
0 0.23828125 0.02734375 0.0625 0.0546875
0 0.4052734375 0.140625 0.064453125 0.171875
0 0.3564453125 0.041015625 0.044921875 0.08203125
0 0.6650390625 0.060546875 0.03515625 0.044921875
0 0.5947265625 0.0234375 0.07421875 0.04296875
0 0.578125 0.3046875 0.27734375 0.404296875
0 0.6953125 0.7001953125 0.171875 0.2890625
0 0.4599609375 0.650390625 0.294921875 0.279296875