0 0.1630859375 0.1435546875 0.0361328125 0.0595703125
0 0.73828125 0.146484375 0.12109375 0.29296875
0 0.7490234375 0.7705078125 0.1259765625 0.21875
0 0.2294921875 0.2529296875 0.0654296875 0.103515625
0 0.77734375 0.0322265625 0.0595703125 0.064453125
0 0.607421875 0.14453125 0.0576171875 0.1708984375
0 0.658203125 0.0439453125 0.0419921875 0.0869140625
0 0.3505859375 0.0546875 0.033203125 0.04296875
0 0.421875 0.0205078125 0.072265625 0.0400390625
0 0.4287109375 0.3017578125 0.2646484375 0.3955078125
0 0.2978515625 0.693359375 0.1611328125 0.2841796875
0 0.53515625 0.6513671875 0.28515625 0.2685546875