0 0.7578125 0.4833984375 0.033203125 0.080078125
0 0.2978515625 0.91015625 0.05859375 0.09375
0 0.0283203125 0.6611328125 0.0498046875 0.109375
0 0.8447265625 0.427734375 0.0673828125 0.0791015625
0 0.0634765625 0.5380859375 0.0625 0.0849609375
0 0.150390625 0.509765625 0.0439453125 0.0703125
0 0.9501953125 0.361328125 0.025390625 0.0498046875
0 0.8095703125 0.98046875 0.0546875 0.0390625
0 0.0947265625 0.3876953125 0.083984375 0.1416015625
0 0.2666015625 0.404296875 0.0517578125 0.0458984375
0 0.3447265625 0.248046875 0.064453125 0.0888671875
0 0.73828125 0.373046875 0.064453125 0.0546875
0 0.666015625 0.5478515625 0.0224609375 0.044921875
0 0.271484375 0.322265625 0.0791015625 0.0771484375
0 0.373046875 0.45703125 0.03125 0.0869140625
0 0.5732421875 0.265625 0.0439453125 0.06640625
0 0.5732421875 0.4111328125 0.0283203125 0.03125