0 0.61328125 0.6416015625 0.033203125 0.052734375
0 0.541015625 0.529296875 0.048828125 0.091796875
0 0.685546875 0.48046875 0.03125 0.044921875
0 0.439453125 0.73046875 0.0390625 0.05859375
0 0.7841796875 0.306640625 0.044921875 0.0625
0 0.587890625 0.23828125 0.099609375 0.109375
0 0.59765625 0.4091796875 0.0390625 0.064453125
0 0.4765625 0.0380859375 0.07421875 0.076171875
0 0.916015625 0.0947265625 0.041015625 0.064453125
0 0.55078125 0.66796875 0.0234375 0.033203125
0 0.494140625 0.9345703125 0.03125 0.0546875
0 0.2197265625 0.7021484375 0.033203125 0.04296875
0 0.6728515625 0.6953125 0.03515625 0.060546875
0 0.3671875 0.1123046875 0.044921875 0.08203125
0 0.4140625 0.2373046875 0.06640625 0.1171875
0 0.4814453125 0.6162109375 0.02734375 0.0390625
0 0.5419921875 0.791015625 0.03125 0.052734375
0 0.7666015625 0.1884765625 0.04296875 0.056640625
0 0.5712890625 0.0751953125 0.029296875 0.05078125
0 0.6220703125 0.017578125 0.033203125 0.03515625
0 0.3291015625 0.5419921875 0.0234375 0.037109375
0 0.7763671875 0.09765625 0.041015625 0.0625
0 0.2841796875 0.486328125 0.0390625 0.068359375
0 0.666015625 0.5810546875 0.02734375 0.046875
0 0.62109375 0.5576171875 0.056640625 0.064453125
0 0.5126953125 0.890625 0.021484375 0.03515625
0 0.697265625 0.3388671875 0.03515625 0.060546875
0 0.4365234375 0.4267578125 0.14453125 0.142578125
0 0.6357421875 0.6982421875 0.01953125 0.03125
0 0.603515625 0.8818359375 0.025390625 0.0390625
0 0.55078125 0.8662109375 0.03515625 0.048828125
0 0.5830078125 0.107421875 0.080078125 0.130859375
0 0.375 0.6591796875 0.076171875 0.099609375
0 0.685546875 0.5576171875 0.017578125 0.03515625
0 0.54296875 0.30078125 0.033203125 0.0625
0 0.2724609375 0.6845703125 0.14453125 0.138671875
0 0.37890625 0.9326171875 0.0234375 0.044921875
0 0.5048828125 0.2880859375 0.0234375 0.037109375
0 0.3125 0.3154296875 0.033203125 0.0546875
0 0.4736328125 0.388671875 0.056640625 0.072265625
0 0.4970703125 0.8203125 0.033203125 0.05078125
0 0.322265625 0.7236328125 0.03125 0.041015625
0 0.412109375 0.89453125 0.02734375 0.04296875
0 0.7470703125 0.5634765625 0.060546875 0.0859375
0 0.6787109375 0.833984375 0.05078125 0.1171875
0 0.34765625 0.833984375 0.080078125 0.107421875
0 0.7783203125 0.908203125 0.046875 0.041015625
0 0.7197265625 0.9541015625 0.033203125 0.060546875
0 0.6630859375 0.9423828125 0.015625 0.033203125
0 0.59765625 0.962890625 0.048828125 0.060546875