0 0.8671875 0.7890625 0.138671875 0.169921875
0 0.8662109375 0.3828125 0.013671875 0.0185546875
0 0.8017578125 0.7744140625 0.0087890625 0.015625
0 0.55078125 0.697265625 0.013671875 0.021484375
0 0.92578125 0.3994140625 0.01953125 0.0244140625
0 0.841796875 0.9599609375 0.02734375 0.037109375
0 0.30859375 0.736328125 0.09765625 0.1142578125
0 0.763671875 0.666015625 0.021484375 0.0263671875
0 0.6376953125 0.4208984375 0.0205078125 0.025390625
0 0.6162109375 0.7275390625 0.0537109375 0.05078125
0 0.4599609375 0.8447265625 0.0234375 0.0400390625
0 0.6875 0.5927734375 0.029296875 0.0380859375
0 0.7060546875 0.453125 0.01953125 0.029296875
0 0.5654296875 0.4404296875 0.076171875 0.068359375