0 0.7734375 0.9462890625 0.025390625 0.0537109375
0 0.0830078125 0.490234375 0.0390625 0.0625
0 0.150390625 0.8115234375 0.0380859375 0.0849609375
0 0.01171875 0.3330078125 0.0224609375 0.08984375
0 0.7216796875 0.5546875 0.0302734375 0.0634765625
0 0.345703125 0.3115234375 0.0224609375 0.03515625
0 0.4052734375 0.541015625 0.025390625 0.0498046875
0 0.646484375 0.982421875 0.0205078125 0.03515625
0 0.3349609375 0.2470703125 0.0341796875 0.0458984375
0 0.90625 0.5859375 0.109375 0.5546875
0 0.205078125 0.451171875 0.0947265625 0.4013671875
0 0.056640625 0.640625 0.0458984375 0.119140625
0 0.0859375 0.2080078125 0.0615234375 0.1650390625
0 0.2275390625 0.7939453125 0.046875 0.2099609375
0 0.314453125 0.421875 0.0595703125 0.0771484375