0 0.7568359375 0.857421875 0.080078125 0.10546875
0 0.361328125 0.517578125 0.05078125 0.078125
0 0.3154296875 0.6630859375 0.07421875 0.072265625
0 0.6103515625 0.51953125 0.037109375 0.05859375
0 0.4306640625 0.75 0.044921875 0.072265625
0 0.509765625 0.3896484375 0.044921875 0.083984375
0 0.45703125 0.595703125 0.048828125 0.076171875
0 0.5400390625 0.6650390625 0.0625 0.064453125
0 0.955078125 0.93359375 0.037109375 0.068359375
0 0.396484375 0.6708984375 0.0390625 0.068359375
0 0.734375 0.1611328125 0.03125 0.046875