0 0.9326171875 0.2001953125 0.0185546875 0.0517578125
0 0.2578125 0.0888671875 0.0322265625 0.0654296875
0 0.65234375 0.5166015625 0.0595703125 0.0791015625
0 0.1953125 0.9501953125 0.0732421875 0.0908203125
0 0.794921875 0.0908203125 0.0439453125 0.0693359375
0 0.5537109375 0.5419921875 0.0625 0.08984375
0 0.5908203125 0.7392578125 0.0595703125 0.099609375
0 0.3349609375 0.4619140625 0.037109375 0.0576171875
0 0.3466796875 0.55078125 0.0390625 0.0791015625
0 0.400390625 0.73046875 0.0380859375 0.0673828125
0 0.4775390625 0.6064453125 0.0419921875 0.06640625
0 0.4970703125 0.8212890625 0.048828125 0.068359375
0 0.384765625 0.427734375 0.0322265625 0.0546875