0 0.7890625 0.9365234375 0.02734375 0.0546875
0 0.0830078125 0.5048828125 0.041015625 0.064453125
0 0.1611328125 0.8232421875 0.041015625 0.0859375
0 0.0087890625 0.349609375 0.017578125 0.08984375
0 0.7236328125 0.546875 0.033203125 0.064453125
0 0.3388671875 0.3173828125 0.0234375 0.03515625
0 0.4072265625 0.5439453125 0.02734375 0.05078125
0 0.6630859375 0.9765625 0.021484375 0.03515625
0 0.326171875 0.2529296875 0.03515625 0.046875
0 0.9091796875 0.5712890625 0.12890625 0.55859375
0 0.203125 0.4619140625 0.109375 0.404296875
0 0.0615234375 0.65625 0.05078125 0.12109375
0 0.076171875 0.22265625 0.06640625 0.16796875
0 0.23828125 0.8037109375 0.0546875 0.2109375
0 0.3115234375 0.4287109375 0.0625 0.080078125