0 0.326171875 0.330078125 0.021484375 0.05078125
0 0.4296875 0.482421875 0.033203125 0.05859375
0 0.4345703125 0.9599609375 0.037109375 0.078125
0 0.5625 0.9404296875 0.0390625 0.080078125
0 0.6162109375 0.59375 0.03515625 0.068359375
0 0.486328125 0.5439453125 0.046875 0.111328125
0 0.38671875 0.611328125 0.0625 0.08203125
0 0.3173828125 0.603515625 0.037109375 0.078125
0 0.5859375 0.3798828125 0.033203125 0.0625
0 0.5537109375 0.453125 0.04296875 0.03125
0 0.49609375 0.4228515625 0.025390625 0.05078125
0 0.5927734375 0.4873046875 0.029296875 0.064453125
0 0.5400390625 0.51171875 0.025390625 0.044921875
0 0.375 0.41796875 0.02734375 0.083984375
0 0.6357421875 0.1015625 0.02734375 0.08203125
0 0.7451171875 0.3388671875 0.0390625 0.07421875
0 0.7578125 0.4287109375 0.04296875 0.078125
0 0.71875 0.466796875 0.029296875 0.083984375
0 0.509765625 0.849609375 0.029296875 0.076171875
0 0.5615234375 0.85546875 0.064453125 0.07421875
0 0.5009765625 0.9208984375 0.017578125 0.03515625