0 0.0908203125 0.3076171875 0.0703125 0.109375
0 0.716796875 0.4306640625 0.10546875 0.130859375
0 0.8134765625 0.2861328125 0.052734375 0.06640625
0 0.0107421875 0.787109375 0.021484375 0.08984375
0 0.7685546875 0.5380859375 0.02734375 0.033203125
0 0.537109375 0.548828125 0.03125 0.0390625
0 0.8134765625 0.5166015625 0.04296875 0.0703125
0 0.40234375 0.482421875 0.03515625 0.05859375
0 0.291015625 0.6015625 0.078125 0.12109375
0 0.5556640625 0.6083984375 0.052734375 0.072265625
0 0.505859375 0.2412109375 0.037109375 0.033203125