0 0.583984375 0.58984375 0.072265625 0.078125
0 0.7001953125 0.7958984375 0.087890625 0.166015625
0 0.376953125 0.5771484375 0.048828125 0.0751953125
0 0.4951171875 0.76953125 0.0595703125 0.060546875
0 0.576171875 0.6826171875 0.0693359375 0.056640625
0 0.482421875 0.6279296875 0.0537109375 0.0634765625
0 0.4482421875 0.837890625 0.046875 0.0390625
0 0.58984375 0.7802734375 0.0390625 0.0869140625
0 0.3896484375 0.697265625 0.052734375 0.0869140625
0 0.302734375 0.50390625 0.037109375 0.0458984375
0 0.5107421875 0.4853515625 0.046875 0.0771484375
0 0.642578125 0.611328125 0.021484375 0.091796875
0 0.3310546875 0.685546875 0.0244140625 0.0517578125