0 0.2421875 0.4833984375 0.033203125 0.080078125
0 0.7021484375 0.91015625 0.05859375 0.09375
0 0.9716796875 0.6611328125 0.05078125 0.109375
0 0.1552734375 0.427734375 0.06640625 0.078125
0 0.9365234375 0.5380859375 0.0625 0.0859375
0 0.849609375 0.509765625 0.04296875 0.0703125
0 0.0498046875 0.361328125 0.025390625 0.05078125
0 0.1904296875 0.98046875 0.0546875 0.0390625
0 0.9052734375 0.3876953125 0.083984375 0.140625
0 0.7333984375 0.404296875 0.05078125 0.046875
0 0.6552734375 0.248046875 0.064453125 0.08984375
0 0.26171875 0.373046875 0.064453125 0.0546875
0 0.333984375 0.5478515625 0.0234375 0.044921875
0 0.728515625 0.322265625 0.078125 0.078125
0 0.626953125 0.45703125 0.03125 0.0859375
0 0.4267578125 0.265625 0.04296875 0.06640625
0 0.4267578125 0.4111328125 0.02734375 0.03125