0 0.26953125 0.771484375 0.052734375 0.1015625
0 0.578125 0.7216796875 0.0390625 0.08984375
0 0.7197265625 0.720703125 0.037109375 0.0703125
0 0.9833984375 0.6767578125 0.033203125 0.09375
0 0.615234375 0.439453125 0.021484375 0.029296875
0 0.267578125 0.4892578125 0.0390625 0.0390625
0 0.7763671875 0.4091796875 0.02734375 0.052734375
0 0.6650390625 0.3876953125 0.064453125 0.064453125
0 0.5361328125 0.033203125 0.03515625 0.06640625
0 0.7255859375 0.4208984375 0.01953125 0.03515625
0 0.69140625 0.5400390625 0.0234375 0.03515625
0 0.4755859375 0.8642578125 0.02734375 0.048828125
0 0.5263671875 0.765625 0.0390625 0.05859375
0 0.1845703125 0.611328125 0.02734375 0.0625
0 0.3984375 0.880859375 0.046875 0.12109375
0 0.19921875 0.7041015625 0.03125 0.119140625
0 0.3251953125 0.421875 0.0390625 0.091796875
0 0.1875 0.4150390625 0.04296875 0.078125
0 0.166015625 0.5400390625 0.0234375 0.05078125
0 0.5888671875 0.8232421875 0.04296875 0.05078125
0 0.642578125 0.73828125 0.0546875 0.072265625
0 0.3828125 0.7685546875 0.044921875 0.06640625
0 0.478515625 0.7939453125 0.033203125 0.064453125
0 0.267578125 0.6015625 0.029296875 0.04296875