0 0.7265625 0.0625 0.1201171875 0.125
0 0.5234375 0.0390625 0.0888671875 0.0771484375
0 0.01171875 0.34375 0.0224609375 0.06640625
0 0.6474609375 0.171875 0.0576171875 0.12109375
0 0.208984375 0.724609375 0.111328125 0.103515625
0 0.1015625 0.3330078125 0.044921875 0.052734375
0 0.52734375 0.8251953125 0.05078125 0.0830078125
0 0.1865234375 0.732421875 0.0517578125 0.0771484375
0 0.708984375 0.861328125 0.076171875 0.16015625
0 0.3310546875 0.0087890625 0.0341796875 0.017578125
0 0.7080078125 0.67578125 0.126953125 0.0556640625
0 0.9130859375 0.1845703125 0.052734375 0.0712890625
0 0.2978515625 0.30078125 0.0703125 0.0810546875
0 0.142578125 0.3857421875 0.02734375 0.044921875
0 0.08203125 0.45703125 0.0458984375 0.0732421875
0 0.220703125 0.4560546875 0.06640625 0.0703125
0 0.41015625 0.73828125 0.087890625 0.0908203125
0 0.4091796875 0.8271484375 0.0576171875 0.064453125
0 0.5244140625 0.9140625 0.0595703125 0.0517578125
0 0.6181640625 0.8544921875 0.029296875 0.06640625
0 0.6015625 0.771484375 0.0673828125 0.0595703125
0 0.8271484375 0.71484375 0.0380859375 0.0693359375
0 0.8330078125 0.83984375 0.02734375 0.0595703125
0 0.6142578125 0.6787109375 0.044921875 0.05859375
0 0.541015625 0.2294921875 0.0458984375 0.0615234375
0 0.56640625 0.1552734375 0.0322265625 0.0625
0 0.33984375 0.150390625 0.033203125 0.1328125