0 0.2021484375 0.6357421875 0.03515625 0.07421875
0 0.2685546875 0.5556640625 0.033203125 0.056640625
0 0.02734375 0.919921875 0.0546875 0.08984375
0 0.1435546875 0.4013671875 0.064453125 0.083984375
0 0.5732421875 0.2373046875 0.09765625 0.12890625
0 0.458984375 0.2626953125 0.080078125 0.12109375
0 0.650390625 0.498046875 0.10546875 0.134765625
0 0.5732421875 0.638671875 0.1171875 0.138671875
0 0.5654296875 0.421875 0.08203125 0.1640625
0 0.470703125 0.5537109375 0.08203125 0.18359375
0 0.3759765625 0.599609375 0.095703125 0.140625