0 0.88671875 0.7626953125 0.150390625 0.1796875
0 0.857421875 0.357421875 0.015625 0.01953125
0 0.8203125 0.7529296875 0.009765625 0.015625
0 0.564453125 0.693359375 0.015625 0.021484375
0 0.91796875 0.3701171875 0.021484375 0.025390625
0 0.873046875 0.9345703125 0.029296875 0.0390625
0 0.3251953125 0.7490234375 0.10546875 0.12109375
0 0.7744140625 0.6474609375 0.0234375 0.02734375
0 0.6318359375 0.4111328125 0.021484375 0.02734375
0 0.6318359375 0.71875 0.056640625 0.0546875
0 0.484375 0.8466796875 0.025390625 0.041015625
0 0.693359375 0.5791015625 0.03125 0.0390625
0 0.7021484375 0.4384765625 0.021484375 0.03125
0 0.5615234375 0.435546875 0.080078125 0.07421875