0 0.73046875 0.771484375 0.052734375 0.1005859375
0 0.421875 0.7216796875 0.0400390625 0.0888671875
0 0.2802734375 0.720703125 0.037109375 0.0703125
0 0.0166015625 0.6767578125 0.033203125 0.0927734375
0 0.384765625 0.439453125 0.021484375 0.029296875
0 0.732421875 0.4892578125 0.0380859375 0.0400390625
0 0.2236328125 0.4091796875 0.0283203125 0.052734375
0 0.3349609375 0.3876953125 0.064453125 0.064453125
0 0.4638671875 0.033203125 0.0361328125 0.06640625
0 0.2744140625 0.4208984375 0.0205078125 0.0361328125
0 0.30859375 0.5400390625 0.0244140625 0.0341796875
0 0.5244140625 0.8642578125 0.0263671875 0.048828125
0 0.4736328125 0.765625 0.0380859375 0.0595703125
0 0.8154296875 0.611328125 0.0283203125 0.0634765625
0 0.6015625 0.880859375 0.0478515625 0.1201171875
0 0.80078125 0.7041015625 0.0322265625 0.119140625
0 0.6748046875 0.421875 0.0390625 0.091796875
0 0.8125 0.4150390625 0.0419921875 0.078125
0 0.833984375 0.5400390625 0.0244140625 0.05078125
0 0.4111328125 0.8232421875 0.0439453125 0.0517578125
0 0.357421875 0.73828125 0.0537109375 0.072265625
0 0.6171875 0.7685546875 0.044921875 0.0654296875
0 0.521484375 0.7939453125 0.033203125 0.064453125
0 0.732421875 0.6015625 0.029296875 0.0439453125