0 0.0625 0.2080078125 0.01953125 0.052734375
0 0.7353515625 0.0849609375 0.033203125 0.06640625
0 0.34765625 0.51953125 0.060546875 0.080078125
0 0.8125 0.9443359375 0.07421875 0.091796875
0 0.1982421875 0.095703125 0.044921875 0.0703125
0 0.447265625 0.54296875 0.064453125 0.091796875
0 0.4130859375 0.7412109375 0.060546875 0.1015625
0 0.6640625 0.458984375 0.0390625 0.05859375
0 0.654296875 0.5478515625 0.041015625 0.080078125
0 0.603515625 0.728515625 0.0390625 0.068359375
0 0.5244140625 0.6064453125 0.04296875 0.06640625
0 0.5087890625 0.8212890625 0.05078125 0.068359375
0 0.6142578125 0.42578125 0.033203125 0.0546875