0 0.14453125 0.033203125 0.0224609375 0.0458984375
0 0.3740234375 0.7705078125 0.0283203125 0.0546875
0 0.2392578125 0.0185546875 0.041015625 0.0361328125
0 0.7744140625 0.3134765625 0.0244140625 0.0634765625
0 0.1455078125 0.0302734375 0.0361328125 0.0595703125
0 0.5947265625 0.359375 0.0302734375 0.0908203125
0 0.3671875 0.35546875 0.087890625 0.1015625
0 0.470703125 0.630859375 0.0927734375 0.1005859375
0 0.625 0.607421875 0.060546875 0.06640625
0 0.455078125 0.4189453125 0.03125 0.08984375
0 0.3720703125 0.455078125 0.0634765625 0.05078125