0 0.6767578125 0.3330078125 0.021484375 0.0498046875
0 0.5703125 0.4833984375 0.0322265625 0.05859375
0 0.5576171875 0.9609375 0.03515625 0.078125
0 0.4296875 0.939453125 0.037109375 0.080078125
0 0.3818359375 0.591796875 0.033203125 0.068359375
0 0.5126953125 0.5439453125 0.0458984375 0.111328125
0 0.611328125 0.61328125 0.060546875 0.0810546875
0 0.6806640625 0.6064453125 0.03515625 0.0771484375
0 0.416015625 0.3779296875 0.03125 0.0615234375
0 0.447265625 0.4521484375 0.0419921875 0.03125
0 0.5048828125 0.4228515625 0.0244140625 0.0498046875
0 0.4072265625 0.4853515625 0.02734375 0.0634765625
0 0.4599609375 0.5107421875 0.0244140625 0.044921875
0 0.6259765625 0.419921875 0.0263671875 0.0830078125
0 0.37109375 0.099609375 0.025390625 0.08203125
0 0.2578125 0.3349609375 0.0380859375 0.07421875
0 0.2431640625 0.423828125 0.041015625 0.078125
0 0.2822265625 0.462890625 0.02734375 0.083984375
0 0.484375 0.849609375 0.02734375 0.0751953125
0 0.4326171875 0.8544921875 0.0625 0.072265625
0 0.4912109375 0.9208984375 0.017578125 0.03515625