0 0.87109375 0.0458984375 0.0234375 0.046875
0 0.6162109375 0.7744140625 0.029296875 0.0546875
0 0.77734375 0.0283203125 0.04296875 0.037109375
0 0.232421875 0.3037109375 0.02734375 0.064453125
0 0.87109375 0.04296875 0.0390625 0.060546875
0 0.41015625 0.3564453125 0.033203125 0.091796875
0 0.6376953125 0.3603515625 0.091796875 0.10546875
0 0.5244140625 0.6318359375 0.095703125 0.103515625
0 0.37109375 0.6025390625 0.0625 0.068359375
0 0.5478515625 0.4208984375 0.03515625 0.091796875
0 0.6298828125 0.4599609375 0.064453125 0.052734375