0 0.6259765625 0.796875 0.046875 0.09375
0 0.4052734375 0.7685546875 0.02734375 0.0546875
0 0.4140625 0.5576171875 0.041015625 0.087890625
0 0.6630859375 0.6669921875 0.0546875 0.08203125
0 0.7001953125 0.7646484375 0.05078125 0.07421875
0 0.203125 0.017578125 0.02734375 0.03515625
0 0.28125 0.7744140625 0.03125 0.0625
0 0.69140625 0.4462890625 0.02734375 0.04296875
0 0.3701171875 0.841796875 0.046875 0.09765625
0 0.322265625 0.369140625 0.05859375 0.125
0 0.2421875 0.373046875 0.048828125 0.12890625
0 0.3642578125 0.6162109375 0.04296875 0.107421875
0 0.2626953125 0.6640625 0.05859375 0.1015625
0 0.7294921875 0.2275390625 0.056640625 0.162109375
0 0.6494140625 0.0703125 0.0703125 0.13671875
0 0.7724609375 0.4267578125 0.06640625 0.16796875
0 0.7509765625 0.6259765625 0.07421875 0.09765625
0 0.3701171875 0.068359375 0.037109375 0.13671875
0 0.298828125 0.1337890625 0.0625 0.16015625