0 0.890625 0.900390625 0.064453125 0.091796875
0 0.5595703125 0.876953125 0.0615234375 0.111328125
0 0.3623046875 0.26171875 0.0390625 0.068359375
0 0.3525390625 0.15625 0.0361328125 0.0595703125
0 0.7919921875 0.212890625 0.0732421875 0.0869140625
0 0.267578125 0.291015625 0.0615234375 0.1416015625
0 0.396484375 0.845703125 0.03515625 0.0673828125
0 0.255859375 0.443359375 0.0654296875 0.0986328125
0 0.2802734375 0.30859375 0.0478515625 0.09765625
0 0.0107421875 0.349609375 0.0205078125 0.076171875
0 0.3095703125 0.7275390625 0.0478515625 0.0966796875