0 0.9326171875 0.66015625 0.046875 0.087890625
0 0.7138671875 0.369140625 0.0625 0.1171875
0 0.0302734375 0.4453125 0.0546875 0.0859375
0 0.802734375 0.7587890625 0.166015625 0.1484375
0 0.7861328125 0.9287109375 0.125 0.1171875
0 0.9462890625 0.8671875 0.1015625 0.12109375
0 0.533203125 0.8515625 0.09765625 0.23046875
0 0.3642578125 0.5244140625 0.14453125 0.263671875
0 0.5048828125 0.25390625 0.205078125 0.25390625
0 0.2470703125 0.26171875 0.162109375 0.169921875
0 0.236328125 0.5751953125 0.076171875 0.111328125
0 0.7373046875 0.095703125 0.0859375 0.1640625