0 0.4111328125 0.5849609375 0.076171875 0.08203125
0 0.2841796875 0.78515625 0.095703125 0.169921875
0 0.619140625 0.5830078125 0.052734375 0.078125
0 0.4912109375 0.76953125 0.0625 0.064453125
0 0.4140625 0.6787109375 0.072265625 0.060546875
0 0.5107421875 0.62890625 0.056640625 0.06640625
0 0.5341796875 0.83984375 0.048828125 0.041015625
0 0.3955078125 0.775390625 0.04296875 0.087890625
0 0.599609375 0.703125 0.056640625 0.08984375
0 0.697265625 0.5146484375 0.0390625 0.046875
0 0.490234375 0.484375 0.05078125 0.080078125
0 0.3515625 0.603515625 0.025390625 0.09375
0 0.6591796875 0.6943359375 0.02734375 0.052734375