0 0.2529296875 0.5556640625 0.0693359375 0.09375
0 0.2451171875 0.8056640625 0.0673828125 0.109375
0 0.029296875 0.3935546875 0.0400390625 0.0615234375
0 0.8349609375 0.0791015625 0.03125 0.060546875
0 0.65625 0.724609375 0.0380859375 0.0732421875
0 0.81640625 0.525390625 0.0615234375 0.111328125
0 0.1962890625 0.658203125 0.04296875 0.08203125
0 0.1171875 0.6044921875 0.0634765625 0.1201171875
0 0.5908203125 0.0263671875 0.06640625 0.05078125
0 0.3046875 0.0322265625 0.095703125 0.064453125
0 0.1044921875 0.189453125 0.0732421875 0.1181640625
0 0.734375 0.5322265625 0.033203125 0.0478515625
0 0.73046875 0.638671875 0.0576171875 0.0703125
0 0.4501953125 0.69140625 0.138671875 0.14453125
0 0.595703125 0.615234375 0.0625 0.08984375
0 0.658203125 0.1572265625 0.025390625 0.0576171875
0 0.765625 0.1689453125 0.03515625 0.0810546875
0 0.3388671875 0.16796875 0.048828125 0.0751953125
0 0.6796875 0.8955078125 0.078125 0.0771484375
0 0.8115234375 0.333984375 0.0380859375 0.046875