0 0.6171875 0.7216796875 0.068359375 0.0859375
0 0.642578125 0.6259765625 0.072265625 0.05078125
0 0.771484375 0.552734375 0.126953125 0.056640625
0 0.4130859375 0.669921875 0.087890625 0.044921875
0 0.5791015625 0.818359375 0.0625 0.056640625
0 0.7626953125 0.671875 0.041015625 0.029296875
0 0.40625 0.240234375 0.048828125 0.0546875
0 0.69140625 0.2958984375 0.109375 0.0703125
0 0.849609375 0.3408203125 0.05859375 0.080078125
0 0.3984375 0.4404296875 0.060546875 0.056640625
0 0.7080078125 0.423828125 0.111328125 0.0625
0 0.212890625 0.244140625 0.033203125 0.056640625
0 0.90234375 0.2470703125 0.09375 0.0625
0 0.439453125 0.751953125 0.091796875 0.03515625