0 0.7880859375 0.65625 0.0302734375 0.0732421875
0 0.7265625 0.5712890625 0.0302734375 0.0537109375
0 0.955078125 0.9541015625 0.0751953125 0.083984375
0 0.8623046875 0.4267578125 0.05859375 0.0810546875
0 0.4453125 0.232421875 0.08984375 0.123046875
0 0.5576171875 0.2666015625 0.0712890625 0.1162109375
0 0.3505859375 0.4873046875 0.0966796875 0.1279296875
0 0.4169921875 0.6328125 0.1083984375 0.1318359375
0 0.4404296875 0.41796875 0.0703125 0.1591796875
0 0.525390625 0.5556640625 0.0693359375 0.1796875
0 0.6171875 0.6083984375 0.0859375 0.1357421875