0 0.75 0.5380859375 0.076171875 0.09765625
0 0.775390625 0.787109375 0.07421875 0.11328125
0 0.9619140625 0.361328125 0.044921875 0.064453125
0 0.13671875 0.103515625 0.03515625 0.0625
0 0.359375 0.7353515625 0.04296875 0.076171875
0 0.1865234375 0.5478515625 0.068359375 0.115234375
0 0.814453125 0.63671875 0.048828125 0.083984375
0 0.8896484375 0.5771484375 0.072265625 0.125
0 0.3759765625 0.0341796875 0.0703125 0.0546875
0 0.6611328125 0.02734375 0.099609375 0.0546875
0 0.873046875 0.1630859375 0.08203125 0.123046875
0 0.2685546875 0.548828125 0.037109375 0.05078125
0 0.279296875 0.654296875 0.0625 0.07421875
0 0.5634765625 0.6875 0.1484375 0.154296875
0 0.412109375 0.6220703125 0.068359375 0.09375
0 0.318359375 0.1689453125 0.029296875 0.05859375
0 0.2119140625 0.1884765625 0.041015625 0.083984375
0 0.6376953125 0.1572265625 0.0546875 0.078125
0 0.3486328125 0.9072265625 0.083984375 0.08203125
0 0.177734375 0.3564453125 0.041015625 0.048828125