0 0.61328125 0.7236328125 0.06640625 0.0849609375
0 0.640625 0.62890625 0.072265625 0.0498046875
0 0.7705078125 0.5576171875 0.1259765625 0.0537109375
0 0.41015625 0.66796875 0.0869140625 0.04296875
0 0.5732421875 0.8193359375 0.0615234375 0.0556640625
0 0.759765625 0.6767578125 0.041015625 0.0283203125
0 0.4111328125 0.23828125 0.0478515625 0.0546875
0 0.6953125 0.298828125 0.1083984375 0.068359375
0 0.8525390625 0.3466796875 0.0576171875 0.078125
0 0.3994140625 0.4384765625 0.0595703125 0.0546875
0 0.708984375 0.427734375 0.1103515625 0.0615234375
0 0.2177734375 0.2392578125 0.033203125 0.0556640625
0 0.90625 0.25390625 0.091796875 0.060546875
0 0.435546875 0.7509765625 0.0908203125 0.033203125