0 0.396484375 0.6494140625 0.0302734375 0.0498046875
0 0.4609375 0.5322265625 0.04296875 0.08984375
0 0.3134765625 0.4931640625 0.02734375 0.0439453125
0 0.576171875 0.7255859375 0.03515625 0.056640625
0 0.203125 0.3271484375 0.0400390625 0.060546875
0 0.39453125 0.2451171875 0.091796875 0.1025390625
0 0.396484375 0.416015625 0.0341796875 0.0625
0 0.490234375 0.037109375 0.0693359375 0.07421875
0 0.056640625 0.125 0.0361328125 0.0615234375
0 0.4609375 0.6708984375 0.021484375 0.03125
0 0.5361328125 0.93359375 0.0283203125 0.052734375
0 0.7939453125 0.681640625 0.03125 0.041015625
0 0.3408203125 0.70703125 0.0302734375 0.05859375
0 0.60546875 0.103515625 0.0390625 0.0791015625
0 0.5673828125 0.232421875 0.0576171875 0.1142578125
0 0.5263671875 0.6142578125 0.0244140625 0.037109375
0 0.478515625 0.79296875 0.0283203125 0.05078125
0 0.2119140625 0.2080078125 0.0390625 0.0537109375
0 0.3994140625 0.0810546875 0.0263671875 0.0498046875
0 0.3447265625 0.0224609375 0.0302734375 0.044921875
0 0.673828125 0.5302734375 0.0205078125 0.0361328125
0 0.1962890625 0.1181640625 0.0361328125 0.060546875
0 0.71484375 0.4716796875 0.03515625 0.06640625
0 0.33984375 0.5927734375 0.0244140625 0.0458984375
0 0.3828125 0.56640625 0.052734375 0.060546875
0 0.5146484375 0.890625 0.0185546875 0.033203125
0 0.2919921875 0.3525390625 0.0302734375 0.0576171875
0 0.55859375 0.4228515625 0.1357421875 0.1337890625
0 0.3779296875 0.70703125 0.017578125 0.0302734375
0 0.423828125 0.8876953125 0.0234375 0.0380859375
0 0.474609375 0.869140625 0.03125 0.0458984375
0 0.3896484375 0.1142578125 0.0712890625 0.1259765625
0 0.6357421875 0.650390625 0.0703125 0.095703125
0 0.3193359375 0.5703125 0.015625 0.0341796875
0 0.443359375 0.3046875 0.029296875 0.0615234375
0 0.740234375 0.66796875 0.13671875 0.1298828125
0 0.6513671875 0.9228515625 0.01953125 0.0439453125
0 0.48046875 0.2890625 0.0205078125 0.03515625
0 0.673828125 0.302734375 0.029296875 0.0537109375
0 0.5185546875 0.38671875 0.052734375 0.068359375
0 0.525390625 0.8193359375 0.0302734375 0.048828125
0 0.693359375 0.7109375 0.029296875 0.0390625
0 0.615234375 0.8876953125 0.025390625 0.041015625
0 0.2578125 0.5810546875 0.0556640625 0.08203125
0 0.3447265625 0.845703125 0.0419921875 0.1142578125
0 0.6748046875 0.822265625 0.072265625 0.1025390625
0 0.2509765625 0.9267578125 0.0439453125 0.0380859375
0 0.3125 0.96875 0.029296875 0.05859375
0 0.3681640625 0.953125 0.0126953125 0.033203125
0 0.4345703125 0.96875 0.044921875 0.0576171875