0 0.9189453125 0.3291015625 0.064453125 0.10546875
0 0.287109375 0.4189453125 0.099609375 0.1259765625
0 0.1982421875 0.2705078125 0.048828125 0.0634765625
0 0.982421875 0.8125 0.03515625 0.087890625
0 0.2294921875 0.5244140625 0.0263671875 0.03125
0 0.4599609375 0.546875 0.0302734375 0.0380859375
0 0.1865234375 0.5 0.0390625 0.0693359375
0 0.5986328125 0.4873046875 0.03125 0.0576171875
0 0.703125 0.6123046875 0.072265625 0.1171875
0 0.4384765625 0.60546875 0.0498046875 0.0703125
0 0.5078125 0.2412109375 0.0361328125 0.03125