0 0.9111328125 0.8798828125 0.068359375 0.095703125
0 0.5791015625 0.873046875 0.06640625 0.115234375
0 0.349609375 0.26953125 0.04296875 0.0703125
0 0.3349609375 0.1640625 0.0390625 0.060546875
0 0.7763671875 0.1982421875 0.078125 0.08984375
0 0.2568359375 0.3037109375 0.068359375 0.14453125
0 0.4150390625 0.8505859375 0.0390625 0.068359375
0 0.2529296875 0.4560546875 0.0703125 0.1015625
0 0.2705078125 0.3203125 0.052734375 0.099609375
0 0.0078125 0.3740234375 0.015625 0.076171875
0 0.3212890625 0.7373046875 0.052734375 0.099609375