0 0.3046875 0.056640625 0.12890625 0.11328125
0 0.5078125 0.0400390625 0.09375 0.080078125
0 0.9921875 0.3779296875 0.015625 0.068359375
0 0.3759765625 0.162109375 0.06640625 0.125
0 0.7744140625 0.744140625 0.119140625 0.111328125
0 0.9091796875 0.361328125 0.048828125 0.056640625
0 0.4501953125 0.822265625 0.056640625 0.0859375
0 0.796875 0.75390625 0.056640625 0.080078125
0 0.2666015625 0.845703125 0.087890625 0.166015625
0 0.703125 0.021484375 0.03515625 0.01953125
0 0.2802734375 0.6611328125 0.130859375 0.064453125
0 0.1103515625 0.15625 0.056640625 0.07421875
0 0.7158203125 0.3154296875 0.076171875 0.0859375
0 0.8642578125 0.4111328125 0.03125 0.046875
0 0.919921875 0.486328125 0.05078125 0.076171875
0 0.78125 0.4755859375 0.0703125 0.07421875
0 0.5732421875 0.744140625 0.09375 0.09765625
0 0.5673828125 0.8330078125 0.0625 0.068359375
0 0.4462890625 0.9111328125 0.0625 0.056640625
0 0.357421875 0.845703125 0.033203125 0.068359375
0 0.3798828125 0.763671875 0.072265625 0.064453125
0 0.158203125 0.69140625 0.04296875 0.072265625
0 0.14453125 0.8154296875 0.03125 0.060546875
0 0.3740234375 0.669921875 0.048828125 0.0625
0 0.4775390625 0.2275390625 0.05078125 0.064453125
0 0.4580078125 0.1513671875 0.037109375 0.064453125
0 0.6845703125 0.162109375 0.04296875 0.134765625