0 0.2431640625 0.57421875 0.1328125 0.2353515625
0 0.08984375 0.6181640625 0.111328125 0.140625
0 0.5234375 0.037109375 0.11328125 0.07421875
0 0.013671875 0.5556640625 0.025390625 0.095703125
0 0.9619140625 0.07421875 0.068359375 0.1484375
0 0.6630859375 0.623046875 0.169921875 0.1796875
0 0.443359375 0.3515625 0.232421875 0.1865234375
0 0.708984375 0.322265625 0.119140625 0.3544921875
0 0.884765625 0.3134765625 0.0966796875 0.19140625
0 0.3896484375 0.6728515625 0.087890625 0.1533203125
0 0.8349609375 0.65234375 0.0859375 0.09765625