0 0.6787109375 0.4560546875 0.04296875 0.0830078125
0 0.83984375 0.380859375 0.03125 0.0771484375
0 0.81640625 0.77734375 0.02734375 0.0546875
0 0.892578125 0.0927734375 0.0341796875 0.06640625
0 0.6826171875 0.7744140625 0.0302734375 0.0458984375
0 0.1748046875 0.5078125 0.0498046875 0.072265625
0 0.572265625 0.033203125 0.03125 0.052734375
0 0.7412109375 0.6103515625 0.025390625 0.044921875
0 0.3818359375 0.767578125 0.048828125 0.0966796875
0 0.716796875 0.9638671875 0.0390625 0.068359375
0 0.5810546875 0.1103515625 0.033203125 0.0517578125
0 0.1953125 0.365234375 0.0732421875 0.14453125
0 0.3818359375 0.982421875 0.029296875 0.0341796875
0 0.7802734375 0.4560546875 0.033203125 0.048828125
0 0.255859375 0.62890625 0.0361328125 0.0458984375
0 0.294921875 0.03125 0.0478515625 0.060546875
0 0.234375 0.0986328125 0.076171875 0.0888671875
0 0.8115234375 0.2412109375 0.0322265625 0.048828125
0 0.6357421875 0.033203125 0.0537109375 0.064453125
0 0.4130859375 0.0283203125 0.0263671875 0.0537109375
0 0.8662109375 0.4482421875 0.025390625 0.0673828125
0 0.505859375 0.0439453125 0.0458984375 0.0498046875
0 0.45703125 0.04296875 0.0341796875 0.056640625
0 0.623046875 0.9501953125 0.0341796875 0.0537109375
0 0.728515625 0.533203125 0.0263671875 0.0390625
0 0.41015625 0.1337890625 0.0234375 0.04296875
0 0.814453125 0.6962890625 0.0263671875 0.056640625
0 0.1845703125 0.5771484375 0.0302734375 0.048828125
0 0.2373046875 0.5654296875 0.03515625 0.0634765625
0 0.6337890625 0.7275390625 0.0419921875 0.0751953125
0 0.501953125 0.8310546875 0.06640625 0.0908203125
0 0.24609375 0.0166015625 0.0556640625 0.033203125
0 0.7705078125 0.7451171875 0.021484375 0.0361328125
0 0.8330078125 0.4892578125 0.01953125 0.0439453125
0 0.2724609375 0.5107421875 0.046875 0.0537109375
0 0.82421875 0.0830078125 0.0380859375 0.068359375
0 0.24609375 0.244140625 0.05859375 0.0703125
0 0.3212890625 0.119140625 0.041015625 0.0703125
0 0.3193359375 0.8203125 0.0341796875 0.150390625
0 0.3212890625 0.955078125 0.0400390625 0.08984375
0 0.19140625 0.7109375 0.041015625 0.15625
0 0.70703125 0.857421875 0.056640625 0.0546875
0 0.7666015625 0.830078125 0.0517578125 0.0859375
0 0.74609375 0.333984375 0.0537109375 0.1376953125
0 0.6455078125 0.1181640625 0.025390625 0.060546875
0 0.6435546875 0.216796875 0.037109375 0.0693359375