0 0.224609375 0.84375 0.07421875 0.1015625
0 0.6376953125 0.5244140625 0.046875 0.0751953125
0 0.67578125 0.6728515625 0.0712890625 0.068359375
0 0.388671875 0.513671875 0.0341796875 0.0576171875
0 0.556640625 0.7529296875 0.041015625 0.0693359375
0 0.49609375 0.3896484375 0.0400390625 0.08203125
0 0.5380859375 0.59765625 0.0458984375 0.0732421875
0 0.451171875 0.6630859375 0.05859375 0.060546875
0 0.0224609375 0.9091796875 0.033203125 0.0673828125
0 0.5947265625 0.67578125 0.0361328125 0.0673828125
0 0.283203125 0.1494140625 0.0283203125 0.0458984375