0 0.73828125 0.548828125 0.041015625 0.0673828125
0 0.72265625 0.33203125 0.0478515625 0.07421875
0 0.779296875 0.44921875 0.05078125 0.099609375
0 0.775390625 0.6865234375 0.0634765625 0.060546875
0 0.72265625 0.72265625 0.03515625 0.0693359375
0 0.7958984375 0.7763671875 0.08984375 0.083984375
0 0.841796875 0.3466796875 0.0283203125 0.05078125
0 0.888671875 0.3876953125 0.029296875 0.0673828125
0 0.65625 0.439453125 0.03515625 0.087890625
0 0.7109375 0.4208984375 0.03125 0.0615234375
0 0.201171875 0.455078125 0.0419921875 0.0947265625
0 0.1533203125 0.4619140625 0.02734375 0.1318359375
0 0.20703125 0.5390625 0.03515625 0.0380859375
0 0.1953125 0.6494140625 0.0380859375 0.06640625
0 0.1103515625 0.7001953125 0.0537109375 0.103515625
0 0.0888671875 0.48828125 0.056640625 0.0400390625
0 0.119140625 0.5791015625 0.0478515625 0.0537109375
0 0.0341796875 0.5205078125 0.0361328125 0.0732421875