0 0.3193359375 0.4658203125 0.046875 0.0859375
0 0.154296875 0.3984375 0.03515625 0.078125
0 0.1982421875 0.7939453125 0.029296875 0.056640625
0 0.0869140625 0.1142578125 0.037109375 0.068359375
0 0.33203125 0.783203125 0.033203125 0.046875
0 0.8251953125 0.4912109375 0.052734375 0.07421875
0 0.4033203125 0.0380859375 0.033203125 0.0546875
0 0.2646484375 0.623046875 0.02734375 0.046875
0 0.6318359375 0.7607421875 0.0546875 0.099609375
0 0.306640625 0.9697265625 0.04296875 0.060546875
0 0.3984375 0.115234375 0.03515625 0.052734375
0 0.796875 0.349609375 0.080078125 0.1484375
0 0.6435546875 0.9755859375 0.03125 0.03515625
0 0.2177734375 0.470703125 0.03515625 0.05078125
0 0.7509765625 0.6162109375 0.0390625 0.046875
0 0.6796875 0.0263671875 0.05078125 0.052734375
0 0.744140625 0.0849609375 0.080078125 0.091796875
0 0.17578125 0.2578125 0.03515625 0.05078125
0 0.33984375 0.041015625 0.056640625 0.06640625
0 0.5615234375 0.025390625 0.029296875 0.05078125
0 0.1318359375 0.4677734375 0.029296875 0.068359375
0 0.470703125 0.044921875 0.048828125 0.052734375
0 0.5185546875 0.041015625 0.037109375 0.05859375
0 0.400390625 0.9560546875 0.037109375 0.0546875
0 0.2734375 0.544921875 0.029296875 0.041015625
0 0.5703125 0.1298828125 0.025390625 0.044921875
0 0.1962890625 0.712890625 0.029296875 0.05859375
0 0.8193359375 0.560546875 0.033203125 0.05078125
0 0.765625 0.5517578125 0.0390625 0.064453125
0 0.3779296875 0.734375 0.044921875 0.078125
0 0.515625 0.8310546875 0.0703125 0.09375
0 0.7275390625 0.0107421875 0.056640625 0.021484375
0 0.2431640625 0.7587890625 0.0234375 0.037109375
0 0.1669921875 0.5068359375 0.021484375 0.044921875
0 0.7275390625 0.4990234375 0.048828125 0.056640625
0 0.154296875 0.1005859375 0.041015625 0.0703125
0 0.740234375 0.2314453125 0.0625 0.07421875
0 0.658203125 0.1103515625 0.044921875 0.072265625
0 0.697265625 0.810546875 0.04296875 0.15234375
0 0.7021484375 0.9453125 0.044921875 0.091796875
0 0.8193359375 0.6943359375 0.048828125 0.158203125
0 0.3115234375 0.8681640625 0.05859375 0.056640625
0 0.2509765625 0.84375 0.056640625 0.087890625
0 0.2451171875 0.3466796875 0.060546875 0.140625
0 0.3349609375 0.1259765625 0.029296875 0.0625
0 0.341796875 0.224609375 0.041015625 0.0703125