0 0.2607421875 0.544921875 0.04296875 0.068359375
0 0.2802734375 0.328125 0.048828125 0.07421875
0 0.2216796875 0.4443359375 0.052734375 0.099609375
0 0.2216796875 0.681640625 0.064453125 0.0625
0 0.2734375 0.71875 0.037109375 0.0703125
0 0.19921875 0.771484375 0.091796875 0.0859375
0 0.1611328125 0.3408203125 0.029296875 0.05078125
0 0.11328125 0.380859375 0.03125 0.068359375
0 0.3447265625 0.4365234375 0.037109375 0.087890625
0 0.2900390625 0.4169921875 0.033203125 0.0625
0 0.7998046875 0.4599609375 0.04296875 0.095703125
0 0.84765625 0.4677734375 0.029296875 0.1328125
0 0.7919921875 0.5439453125 0.03515625 0.0390625
0 0.8017578125 0.654296875 0.0390625 0.06640625
0 0.8857421875 0.70703125 0.0546875 0.103515625
0 0.9111328125 0.4951171875 0.056640625 0.041015625
0 0.8798828125 0.5859375 0.048828125 0.0546875
0 0.9658203125 0.5283203125 0.037109375 0.07421875