0 0.857421875 0.7626953125 0.0361328125 0.0517578125
0 0.44140625 0.283203125 0.0361328125 0.0625
0 0.9013671875 0.6728515625 0.03125 0.064453125
0 0.1953125 0.64453125 0.0400390625 0.048828125
0 0.9140625 0.537109375 0.07421875 0.18359375
0 0.126953125 0.5224609375 0.0546875 0.091796875
0 0.275390625 0.5068359375 0.0771484375 0.0751953125
0 0.224609375 0.791015625 0.0703125 0.08984375
0 0.533203125 0.4912109375 0.2197265625 0.1796875
0 0.73828125 0.46875 0.107421875 0.048828125
0 0.84375 0.58203125 0.083984375 0.0478515625
0 0.3369140625 0.6328125 0.09765625 0.05078125
0 0.4921875 0.9052734375 0.08984375 0.052734375
0 0.6669921875 0.21875 0.080078125 0.076171875