0 0.2685546875 0.333984375 0.044921875 0.044921875
0 0.208984375 0.6435546875 0.041015625 0.0498046875
0 0.7705078125 0.3271484375 0.0322265625 0.0400390625
0 0.4208984375 0.400390625 0.03515625 0.0322265625
0 0.701171875 0.68359375 0.123046875 0.1064453125
0 0.501953125 0.4765625 0.0537109375 0.05859375
0 0.4892578125 0.2783203125 0.1025390625 0.0595703125
0 0.51953125 0.33984375 0.0546875 0.03515625
0 0.5791015625 0.416015625 0.0771484375 0.060546875
0 0.681640625 0.400390625 0.0458984375 0.0302734375
0 0.57421875 0.3076171875 0.04296875 0.0439453125
0 0.5908203125 0.2607421875 0.0771484375 0.052734375
0 0.703125 0.3154296875 0.0595703125 0.0478515625
0 0.333984375 0.37890625 0.05859375 0.05859375
0 0.2509765625 0.744140625 0.0908203125 0.0947265625
0 0.32421875 0.6923828125 0.03125 0.0537109375
0 0.396484375 0.634765625 0.0556640625 0.046875
0 0.87109375 0.6748046875 0.111328125 0.1298828125
0 0.4658203125 0.8876953125 0.0859375 0.0478515625
0 0.56640625 0.8837890625 0.044921875 0.0361328125
0 0.6806640625 0.9033203125 0.0625 0.05078125
0 0.712890625 0.8525390625 0.0849609375 0.0380859375
0 0.5068359375 0.6123046875 0.08984375 0.0419921875