0 0.2578125 0.68359375 0.037109375 0.083984375
0 0.56640625 0.7060546875 0.0458984375 0.0859375
0 0.556640625 0.9765625 0.029296875 0.0419921875
0 0.0615234375 0.5732421875 0.046875 0.09765625
0 0.32421875 0.6044921875 0.0400390625 0.0595703125
0 0.296875 0.01953125 0.0419921875 0.0380859375
0 0.119140625 0.43359375 0.0478515625 0.0888671875
0 0.55859375 0.0087890625 0.0341796875 0.0166015625
0 0.017578125 0.6533203125 0.0341796875 0.076171875
0 0.771484375 0.033203125 0.06640625 0.06640625
0 0.5380859375 0.5224609375 0.0810546875 0.1123046875
0 0.333984375 0.3984375 0.0419921875 0.072265625