0 0.48046875 0.69921875 0.0517578125 0.1103515625
0 0.2197265625 0.27734375 0.0830078125 0.1201171875
0 0.369140625 0.158203125 0.078125 0.173828125
0 0.322265625 0.318359375 0.044921875 0.1025390625
0 0.19140625 0.7373046875 0.0517578125 0.09375
0 0.517578125 0.5859375 0.046875 0.099609375
0 0.291015625 0.0458984375 0.046875 0.080078125
0 0.458984375 0.5830078125 0.0576171875 0.1025390625
0 0.71484375 0.626953125 0.03515625 0.0654296875
0 0.5 0.841796875 0.0556640625 0.0986328125
0 0.3642578125 0.447265625 0.0439453125 0.068359375
0 0.1845703125 0.47265625 0.0712890625 0.0986328125
0 0.4658203125 0.3955078125 0.0625 0.0634765625
0 0.5302734375 0.330078125 0.0703125 0.076171875
0 0.6298828125 0.3330078125 0.0654296875 0.09375
0 0.7080078125 0.3857421875 0.0517578125 0.158203125
0 0.3037109375 0.5615234375 0.09765625 0.1220703125
0 0.4697265625 0.1650390625 0.0458984375 0.060546875