0 0.177734375 0.31640625 0.05078125 0.072265625
0 0.177734375 0.5791015625 0.068359375 0.083984375
0 0.4560546875 0.55078125 0.048828125 0.0546875
0 0.80859375 0.5634765625 0.072265625 0.078125
0 0.6748046875 0.2099609375 0.146484375 0.126953125
0 0.28125 0.1884765625 0.056640625 0.056640625
0 0.2255859375 0.8525390625 0.041015625 0.056640625
0 0.8935546875 0.5361328125 0.044921875 0.05859375
0 0.86328125 0.810546875 0.03515625 0.064453125
0 0.5927734375 0.974609375 0.048828125 0.046875
0 0.0234375 0.51953125 0.04296875 0.15234375
0 0.5888671875 0.3251953125 0.052734375 0.0625
0 0.8544921875 0.6240234375 0.037109375 0.048828125
0 0.5009765625 0.1669921875 0.0703125 0.087890625
0 0.490234375 0.3125 0.0703125 0.0625
0 0.3154296875 0.2783203125 0.08984375 0.080078125
0 0.3544921875 0.1435546875 0.056640625 0.052734375
0 0.2578125 0.6845703125 0.119140625 0.083984375