0 0.75390625 0.951171875 0.041015625 0.044921875
0 0.3173828125 0.966796875 0.029296875 0.03125
0 0.248046875 0.197265625 0.07421875 0.095703125
0 0.271484375 0.9228515625 0.048828125 0.056640625
0 0.4013671875 0.7216796875 0.029296875 0.04296875
0 0.3212890625 0.1103515625 0.04296875 0.044921875
0 0.904296875 0.2255859375 0.046875 0.03125
0 0.4501953125 0.03125 0.037109375 0.033203125
0 0.1318359375 0.203125 0.025390625 0.037109375
0 0.8857421875 0.671875 0.033203125 0.0390625
0 0.9755859375 0.474609375 0.03515625 0.046875
0 0.978515625 0.53125 0.037109375 0.05078125
0 0.107421875 0.703125 0.0546875 0.10546875