0 0.2373046875 0.6025390625 0.037109375 0.037109375
0 0.9375 0.2392578125 0.0390625 0.0703125
0 0.7216796875 0.1513671875 0.033203125 0.033203125
0 0.9140625 0.44921875 0.025390625 0.03515625
0 0.5390625 0.30078125 0.04296875 0.033203125
0 0.2705078125 0.138671875 0.048828125 0.07421875
0 0.6875 0.255859375 0.048828125 0.076171875
0 0.6943359375 0.376953125 0.06640625 0.0625
0 0.6005859375 0.208984375 0.07421875 0.06640625
0 0.4375 0.21875 0.0703125 0.05859375
0 0.4658203125 0.2802734375 0.08984375 0.03125
0 0.4775390625 0.33984375 0.029296875 0.048828125
0 0.6572265625 0.625 0.189453125 0.080078125
0 0.505859375 0.1552734375 0.115234375 0.04296875