0 0.28125 0.6875 0.044921875 0.0390625
0 0.1630859375 0.828125 0.052734375 0.046875
0 0.5380859375 0.640625 0.333984375 0.263671875
0 0.865234375 0.951171875 0.11328125 0.09765625
0 0.265625 0.2626953125 0.0859375 0.1015625
0 0.7275390625 0.2353515625 0.125 0.126953125
0 0.2578125 0.6171875 0.072265625 0.091796875
0 0.9287109375 0.693359375 0.083984375 0.099609375
0 0.193359375 0.5634765625 0.072265625 0.0703125
0 0.6240234375 0.9912109375 0.064453125 0.017578125
0 0.0556640625 0.279296875 0.087890625 0.1875
0 0.5869140625 0.1689453125 0.08984375 0.087890625
0 0.1142578125 0.693359375 0.134765625 0.09765625
0 0.580078125 0.3193359375 0.138671875 0.064453125