0 0.36328125 0.0791015625 0.09765625 0.10546875
0 0.26953125 0.5517578125 0.0546875 0.068359375
0 0.52734375 0.2294921875 0.0703125 0.09765625
0 0.248046875 0.91015625 0.07421875 0.107421875
0 0.322265625 0.7119140625 0.04296875 0.0625
0 0.6513671875 0.1416015625 0.052734375 0.056640625
0 0.5068359375 0.1201171875 0.029296875 0.03515625
0 0.6513671875 0.474609375 0.052734375 0.130859375
0 0.7353515625 0.96875 0.095703125 0.0625
0 0.8330078125 0.5751953125 0.03125 0.0390625
0 0.552734375 0.0419921875 0.029296875 0.037109375
0 0.97265625 0.1171875 0.0546875 0.1875
0 0.298828125 0.6513671875 0.041015625 0.060546875
0 0.3984375 0.1728515625 0.0234375 0.033203125
0 0.4873046875 0.3994140625 0.033203125 0.0390625
0 0.5419921875 0.33203125 0.064453125 0.087890625
0 0.4501953125 0.443359375 0.06640625 0.12890625
0 0.5693359375 0.5703125 0.091796875 0.111328125
0 0.703125 0.6005859375 0.08984375 0.126953125
0 0.64453125 0.7392578125 0.087890625 0.091796875