0 0.9111328125 0.5302734375 0.056640625 0.0703125
0 0.099609375 0.71484375 0.0341796875 0.046875
0 0.3330078125 0.875 0.0380859375 0.04296875
0 0.357421875 0.6650390625 0.033203125 0.0458984375
0 0.4951171875 0.2587890625 0.0390625 0.0458984375
0 0.109375 0.7919921875 0.05078125 0.080078125
0 0.33984375 0.947265625 0.0361328125 0.029296875
0 0.060546875 0.6494140625 0.0341796875 0.0478515625
0 0.95703125 0.66796875 0.076171875 0.2041015625
0 0.1298828125 0.830078125 0.0234375 0.029296875
0 0.9697265625 0.17578125 0.0517578125 0.13671875
0 0.8046875 0.63671875 0.1025390625 0.177734375
0 0.1201171875 0.6123046875 0.0380859375 0.0458984375
0 0.1943359375 0.931640625 0.0224609375 0.0302734375
0 0.658203125 0.6982421875 0.0322265625 0.0390625
0 0.2763671875 0.609375 0.05859375 0.0654296875
0 0.984375 0.31640625 0.0302734375 0.1044921875
0 0.56640625 0.26171875 0.03515625 0.0419921875
0 0.3671875 0.720703125 0.029296875 0.0283203125
0 0.1552734375 0.82421875 0.0283203125 0.029296875
0 0.6083984375 0.912109375 0.0966796875 0.0703125
0 0.154296875 0.33203125 0.109375 0.0595703125
0 0.3662109375 0.4775390625 0.0625 0.0380859375
0 0.6259765625 0.482421875 0.07421875 0.0478515625
0 0.708984375 0.607421875 0.0478515625 0.076171875
0 0.1640625 0.5302734375 0.080078125 0.052734375
0 0.2890625 0.5400390625 0.1005859375 0.0625