0 0.2138671875 0.541015625 0.0390625 0.0703125
0 0.8486328125 0.4677734375 0.0390625 0.05078125
0 0.1162109375 0.427734375 0.029296875 0.048828125
0 0.232421875 0.630859375 0.037109375 0.05859375
0 0.3076171875 0.44140625 0.03515625 0.0546875
0 0.146484375 0.517578125 0.033203125 0.041015625
0 0.3046875 0.576171875 0.06640625 0.09765625
0 0.1748046875 0.669921875 0.052734375 0.0859375
0 0.0947265625 0.1904296875 0.01953125 0.03515625
0 0.1064453125 0.3486328125 0.033203125 0.05078125
0 0.1767578125 0.525390625 0.025390625 0.041015625
0 0.7890625 0.3916015625 0.046875 0.076171875
0 0.4609375 0.4482421875 0.068359375 0.08984375
0 0.8427734375 0.7041015625 0.03515625 0.048828125
0 0.888671875 0.6318359375 0.03125 0.0625
0 0.693359375 0.4326171875 0.052734375 0.076171875
0 0.671875 0.623046875 0.0234375 0.044921875
0 0.818359375 0.5458984375 0.068359375 0.0703125
0 0.7578125 0.658203125 0.03125 0.05859375
0 0.6025390625 0.8955078125 0.0390625 0.033203125
0 0.4580078125 0.841796875 0.03125 0.05078125