0 0.341796875 0.0869140625 0.091796875 0.1005859375
0 0.2724609375 0.5634765625 0.05078125 0.06640625
0 0.5126953125 0.228515625 0.0654296875 0.09375
0 0.26953125 0.9228515625 0.068359375 0.1044921875
0 0.333984375 0.720703125 0.0400390625 0.060546875
0 0.6328125 0.1337890625 0.0498046875 0.0546875
0 0.4873046875 0.1201171875 0.0283203125 0.0341796875
0 0.6494140625 0.466796875 0.046875 0.12890625
0 0.759765625 0.9619140625 0.091796875 0.068359375
0 0.8369140625 0.5576171875 0.029296875 0.0380859375
0 0.5283203125 0.0400390625 0.02734375 0.03515625
0 0.962890625 0.0927734375 0.06640625 0.18359375
0 0.306640625 0.662109375 0.0380859375 0.05859375
0 0.12890625 0.009765625 0.0458984375 0.01953125
0 0.3818359375 0.1787109375 0.0224609375 0.03125
0 0.482421875 0.400390625 0.03125 0.037109375
0 0.533203125 0.330078125 0.060546875 0.0849609375
0 0.447265625 0.4462890625 0.060546875 0.125
0 0.5732421875 0.56640625 0.0869140625 0.1064453125
0 0.7080078125 0.58984375 0.0830078125 0.123046875
0 0.6572265625 0.7314453125 0.083984375 0.0869140625