0 0.2568359375 0.576171875 0.091796875 0.07421875
0 0.31640625 0.8486328125 0.0498046875 0.0625
0 0.419921875 0.751953125 0.0263671875 0.044921875
0 0.9609375 0.529296875 0.0625 0.0859375
0 0.853515625 0.59765625 0.1064453125 0.1337890625
0 0.755859375 0.771484375 0.033203125 0.0439453125
0 0.904296875 0.7060546875 0.037109375 0.0830078125
0 0.6376953125 0.064453125 0.0771484375 0.1064453125
0 0.529296875 0.3134765625 0.052734375 0.0703125
0 0.158203125 0.2177734375 0.03125 0.033203125
0 0.4033203125 0.5341796875 0.0517578125 0.076171875
0 0.0947265625 0.5380859375 0.03515625 0.0712890625
0 0.3466796875 0.0517578125 0.048828125 0.09375
0 0.6484375 0.9267578125 0.048828125 0.0703125
0 0.470703125 0.4677734375 0.0224609375 0.0322265625
0 0.7001953125 0.5576171875 0.0400390625 0.0517578125
0 0.1611328125 0.5634765625 0.0615234375 0.056640625
0 0.1796875 0.673828125 0.1787109375 0.1123046875
0 0.5517578125 0.9013671875 0.0771484375 0.0546875
0 0.7236328125 0.2392578125 0.111328125 0.0576171875
0 0.408203125 0.1845703125 0.0556640625 0.0390625