0 0.294921875 0.875 0.056640625 0.07421875
0 0.2763671875 0.72265625 0.080078125 0.09765625
0 0.8134765625 0.2685546875 0.0390625 0.0498046875
0 0.4609375 0.3046875 0.1005859375 0.099609375
0 0.40234375 0.9765625 0.0654296875 0.0439453125
0 0.1748046875 0.44921875 0.0810546875 0.0712890625
0 0.1376953125 0.6083984375 0.0673828125 0.08984375
0 0.53125 0.19140625 0.0537109375 0.046875
0 0.1171875 0.5771484375 0.0302734375 0.0390625
0 0.24609375 0.4423828125 0.0458984375 0.0556640625
0 0.9833984375 0.6650390625 0.033203125 0.1171875
0 0.740234375 0.6279296875 0.037109375 0.0615234375
0 0.173828125 0.3427734375 0.037109375 0.0380859375
0 0.294921875 0.298828125 0.0654296875 0.103515625
0 0.5751953125 0.888671875 0.033203125 0.03515625
0 0.37109375 0.857421875 0.0322265625 0.0361328125
0 0.451171875 0.4833984375 0.1044921875 0.037109375
0 0.89453125 0.4599609375 0.10546875 0.15625
0 0.5654296875 0.5693359375 0.1337890625 0.0771484375
0 0.6513671875 0.822265625 0.046875 0.0478515625
0 0.8203125 0.759765625 0.1162109375 0.0673828125
0 0.845703125 0.912109375 0.1181640625 0.068359375
0 0.248046875 0.529296875 0.1552734375 0.0654296875