0 0.5048828125 0.86328125 0.05859375 0.048828125
0 0.69140625 0.5576171875 0.07421875 0.0859375
0 0.107421875 0.8837890625 0.064453125 0.177734375
0 0.66796875 0.6796875 0.0625 0.06640625
0 0.1181640625 0.7138671875 0.0390625 0.072265625
0 0.3095703125 0.359375 0.07421875 0.087890625
0 0.9736328125 0.9375 0.037109375 0.10546875
0 0.0849609375 0.580078125 0.044921875 0.150390625
0 0.0263671875 0.3828125 0.044921875 0.21484375
0 0.814453125 0.5771484375 0.11328125 0.087890625
0 0.46484375 0.3779296875 0.189453125 0.078125
0 0.232421875 0.5625 0.177734375 0.1171875
0 0.44921875 0.5068359375 0.185546875 0.109375
0 0.5888671875 0.6142578125 0.08203125 0.037109375
0 0.58203125 0.5146484375 0.0703125 0.0625
0 0.7802734375 0.69140625 0.138671875 0.083984375