0 0.900390625 0.2880859375 0.03515625 0.056640625
0 0.1923828125 0.3828125 0.0302734375 0.041015625
0 0.8994140625 0.3759765625 0.0341796875 0.0556640625
0 0.7001953125 0.3662109375 0.0439453125 0.07421875
0 0.7939453125 0.4560546875 0.03125 0.0634765625
0 0.9140625 0.1435546875 0.0185546875 0.0341796875
0 0.5625 0.693359375 0.09375 0.138671875
0 0.7880859375 0.06640625 0.025390625 0.0517578125
0 0.5771484375 0.0341796875 0.0244140625 0.0361328125
0 0.42578125 0.0244140625 0.0244140625 0.0439453125
0 0.90625 0.2265625 0.01953125 0.037109375
0 0.150390625 0.533203125 0.0205078125 0.0302734375
0 0.5732421875 0.36328125 0.171875 0.369140625
0 0.3916015625 0.4794921875 0.0390625 0.07421875
0 0.759765625 0.5576171875 0.0458984375 0.0517578125
0 0.244140625 0.3125 0.046875 0.072265625
0 0.869140625 0.6171875 0.0166015625 0.037109375
0 0.7607421875 0.435546875 0.02734375 0.041015625
0 0.162109375 0.6591796875 0.0244140625 0.041015625
0 0.244140625 0.6318359375 0.0224609375 0.044921875
0 0.21875 0.4501953125 0.0703125 0.0556640625
0 0.3466796875 0.3623046875 0.0244140625 0.064453125
0 0.830078125 0.6064453125 0.048828125 0.109375