0 0.373046875 0.31640625 0.0517578125 0.068359375
0 0.4599609375 0.7392578125 0.05859375 0.072265625
0 0.19140625 0.8701171875 0.2607421875 0.2490234375
0 0.3837890625 0.5947265625 0.046875 0.0380859375
0 0.6240234375 0.978515625 0.0498046875 0.04296875
0 0.60546875 0.4755859375 0.0302734375 0.04296875
0 0.4443359375 0.9599609375 0.1689453125 0.07421875
0 0.501953125 0.3837890625 0.0625 0.0478515625
0 0.4794921875 0.455078125 0.078125 0.056640625
0 0.6279296875 0.52734375 0.0615234375 0.0263671875
0 0.2802734375 0.56640625 0.09765625 0.099609375
0 0.384765625 0.5029296875 0.03125 0.025390625
0 0.75 0.5595703125 0.0341796875 0.04296875