0 0.4697265625 0.25390625 0.080078125 0.09765625
0 0.6181640625 0.8779296875 0.02734375 0.044921875
0 0.84375 0.58203125 0.037109375 0.044921875
0 0.7353515625 0.6552734375 0.078125 0.087890625
0 0.6640625 0.8095703125 0.0234375 0.03515625
0 0.76953125 0.8125 0.03125 0.0390625
0 0.6845703125 0.857421875 0.021484375 0.033203125
0 0.205078125 0.748046875 0.037109375 0.0703125
0 0.1220703125 0.0126953125 0.080078125 0.025390625
0 0.8125 0.638671875 0.03125 0.033203125
0 0.4775390625 0.447265625 0.078125 0.056640625
0 0.240234375 0.5908203125 0.142578125 0.1484375
0 0.626953125 0.2421875 0.07421875 0.08984375
0 0.67578125 0.55859375 0.134765625 0.07421875
0 0.619140625 0.7509765625 0.08984375 0.060546875
0 0.5283203125 0.5634765625 0.08203125 0.0546875
0 0.447265625 0.8828125 0.072265625 0.044921875