0 0.095703125 0.294921875 0.037109375 0.056640625
0 0.8056640625 0.3779296875 0.03125 0.041015625
0 0.0986328125 0.3828125 0.03515625 0.056640625
0 0.2978515625 0.3701171875 0.044921875 0.07421875
0 0.205078125 0.4609375 0.033203125 0.064453125
0 0.080078125 0.150390625 0.01953125 0.03515625
0 0.4404296875 0.6943359375 0.095703125 0.140625
0 0.2041015625 0.0712890625 0.025390625 0.052734375
0 0.4150390625 0.03515625 0.025390625 0.037109375
0 0.5654296875 0.0234375 0.025390625 0.044921875
0 0.0888671875 0.2333984375 0.01953125 0.037109375
0 0.8505859375 0.52734375 0.021484375 0.03125
0 0.4248046875 0.3642578125 0.177734375 0.373046875
0 0.6083984375 0.4775390625 0.041015625 0.07421875
0 0.2412109375 0.5625 0.046875 0.052734375
0 0.7529296875 0.3076171875 0.048828125 0.072265625
0 0.1328125 0.6240234375 0.017578125 0.037109375
0 0.23828125 0.4404296875 0.02734375 0.041015625
0 0.8408203125 0.6533203125 0.025390625 0.041015625
0 0.7578125 0.626953125 0.0234375 0.044921875
0 0.7802734375 0.4453125 0.0703125 0.056640625
0 0.6513671875 0.359375 0.025390625 0.064453125
0 0.171875 0.6123046875 0.05078125 0.109375