0 0.13671875 0.6083984375 0.03125 0.04296875
0 0.1142578125 0.5283203125 0.033203125 0.046875
0 0.150390625 0.43359375 0.041015625 0.0625
0 0.0703125 0.4833984375 0.025390625 0.03125
0 0.8076171875 0.396484375 0.033203125 0.0546875
0 0.35546875 0.3369140625 0.021484375 0.03125
0 0.603515625 0.4580078125 0.046875 0.07421875
0 0.236328125 0.3603515625 0.0390625 0.048828125
0 0.2470703125 0.4619140625 0.048828125 0.0546875
0 0.1025390625 0.4658203125 0.021484375 0.033203125
0 0.1748046875 0.5810546875 0.033203125 0.044921875
0 0.064453125 0.2861328125 0.03125 0.0546875
0 0.560546875 0.26171875 0.02734375 0.044921875
0 0.814453125 0.2998046875 0.0234375 0.02734375
0 0.7646484375 0.3369140625 0.05078125 0.060546875
0 0.302734375 0.3798828125 0.03125 0.041015625
0 0.822265625 0.4658203125 0.025390625 0.04296875
0 0.7783203125 0.568359375 0.037109375 0.037109375
0 0.5 0.6337890625 0.044921875 0.056640625