0 0.080078125 0.5390625 0.02734375 0.037109375
0 0.345703125 0.85546875 0.037109375 0.03515625
0 0.7451171875 0.109375 0.115234375 0.103515625
0 0.5126953125 0.5400390625 0.09375 0.08203125
0 0.1044921875 0.2900390625 0.0390625 0.041015625
0 0.7978515625 0.091796875 0.03515625 0.0390625
0 0.0458984375 0.646484375 0.0859375 0.16796875
0 0.5234375 0.072265625 0.08984375 0.103515625
0 0.318359375 0.6591796875 0.056640625 0.07421875
0 0.2353515625 0.609375 0.083984375 0.109375
0 0.30859375 0.578125 0.0625 0.06640625
0 0.3232421875 0.8701171875 0.02734375 0.0390625
0 0.3349609375 0.2138671875 0.1171875 0.103515625
0 0.5302734375 0.189453125 0.111328125 0.076171875
0 0.6640625 0.2373046875 0.095703125 0.095703125
0 0.2001953125 0.7529296875 0.115234375 0.134765625
0 0.30859375 0.7373046875 0.095703125 0.083984375
0 0.38671875 0.63671875 0.048828125 0.0859375
0 0.75390625 0.5322265625 0.158203125 0.134765625