0 0.8203125 0.4814453125 0.0595703125 0.1015625
0 0.4296875 0.734375 0.0498046875 0.068359375
0 0.5263671875 0.525390625 0.044921875 0.08203125
0 0.37109375 0.431640625 0.04296875 0.0869140625
0 0.6689453125 0.5234375 0.1533203125 0.27734375
0 0.4169921875 0.5166015625 0.0576171875 0.0400390625
0 0.4482421875 0.599609375 0.0576171875 0.0712890625
0 0.5859375 0.7314453125 0.087890625 0.0693359375
0 0.5439453125 0.8154296875 0.1123046875 0.07421875
0 0.7333984375 0.1865234375 0.0615234375 0.05859375
0 0.8193359375 0.1982421875 0.0380859375 0.0380859375
0 0.912109375 0.576171875 0.060546875 0.0478515625