0 0.03515625 0.6884765625 0.04296875 0.0703125
0 0.1083984375 0.69921875 0.029296875 0.048828125
0 0.509765625 0.1357421875 0.0859375 0.060546875
0 0.908203125 0.701171875 0.072265625 0.083984375
0 0.140625 0.2978515625 0.037109375 0.033203125
0 0.5849609375 0.2607421875 0.025390625 0.03515625
0 0.2412109375 0.10546875 0.05859375 0.05078125
0 0.6865234375 0.2158203125 0.091796875 0.0859375
0 0.22265625 0.5673828125 0.1171875 0.064453125
0 0.6220703125 0.3837890625 0.033203125 0.044921875
0 0.5673828125 0.2880859375 0.0625 0.09765625
0 0.7802734375 0.71484375 0.033203125 0.056640625
0 0.421875 0.3037109375 0.15234375 0.119140625
0 0.5205078125 0.1943359375 0.11328125 0.041015625
0 0.8134765625 0.609375 0.236328125 0.08203125
0 0.2353515625 0.6435546875 0.27734375 0.03515625
0 0.201171875 0.189453125 0.12109375 0.052734375