0 0.1806640625 0.470703125 0.0625 0.103515625
0 0.5625 0.736328125 0.052734375 0.0703125
0 0.47265625 0.5244140625 0.046875 0.083984375
0 0.630859375 0.4365234375 0.046875 0.087890625
0 0.330078125 0.517578125 0.162109375 0.283203125
0 0.58203125 0.51953125 0.05859375 0.04296875
0 0.5478515625 0.6015625 0.060546875 0.07421875
0 0.40625 0.728515625 0.08984375 0.072265625
0 0.4453125 0.8134765625 0.115234375 0.078125
0 0.27734375 0.1787109375 0.064453125 0.060546875
0 0.19140625 0.1875 0.0390625 0.0390625
0 0.0859375 0.5615234375 0.0625 0.05078125