0 0.6015625 0.7998046875 0.0625 0.095703125
0 0.6923828125 0.2216796875 0.037109375 0.056640625
0 0.1669921875 0.2880859375 0.052734375 0.07421875
0 0.5048828125 0.59375 0.06640625 0.10546875
0 0.3291015625 0.7734375 0.02734375 0.044921875
0 0.6533203125 0.458984375 0.052734375 0.07421875
0 0.74609375 0.6875 0.060546875 0.08984375
0 0.185546875 0.9716796875 0.044921875 0.02734375
0 0.2138671875 0.4580078125 0.0390625 0.0625
0 0.52734375 0.3525390625 0.119140625 0.099609375
0 0.732421875 0.3115234375 0.064453125 0.06640625
0 0.361328125 0.646484375 0.15234375 0.1484375
0 0.4267578125 0.4453125 0.1171875 0.10546875
0 0.6123046875 0.595703125 0.060546875 0.14453125
0 0.41796875 0.791015625 0.0703125 0.080078125
0 0.5068359375 0.7021484375 0.099609375 0.07421875
0 0.7509765625 0.4443359375 0.05078125 0.11328125