0 0.4892578125 0.86328125 0.05859375 0.046875
0 0.3076171875 0.5546875 0.0732421875 0.0849609375
0 0.8857421875 0.890625 0.0615234375 0.17578125
0 0.3291015625 0.6767578125 0.060546875 0.064453125
0 0.8779296875 0.720703125 0.0380859375 0.0712890625
0 0.6923828125 0.3623046875 0.072265625 0.0859375
0 0.0185546875 0.9287109375 0.0361328125 0.10546875
0 0.9140625 0.5869140625 0.04296875 0.1494140625
0 0.9755859375 0.390625 0.0419921875 0.21484375
0 0.1845703125 0.5712890625 0.1123046875 0.0859375
0 0.537109375 0.37890625 0.1875 0.07421875
0 0.7666015625 0.5673828125 0.17578125 0.11328125
0 0.55078125 0.5078125 0.1845703125 0.10546875
0 0.4091796875 0.6123046875 0.0810546875 0.0361328125
0 0.41796875 0.513671875 0.068359375 0.0615234375
0 0.216796875 0.6865234375 0.13671875 0.08203125