0 0.0791015625 0.5166015625 0.0263671875 0.03515625
0 0.3271484375 0.8466796875 0.03515625 0.033203125
0 0.765625 0.123046875 0.109375 0.09765625
0 0.5107421875 0.541015625 0.0888671875 0.0771484375
0 0.1162109375 0.26953125 0.0361328125 0.0400390625
0 0.818359375 0.1083984375 0.0341796875 0.0380859375
0 0.0390625 0.6220703125 0.078125 0.1650390625
0 0.5458984375 0.07421875 0.0849609375 0.099609375
0 0.310546875 0.6494140625 0.052734375 0.0712890625
0 0.2294921875 0.595703125 0.078125 0.10546875
0 0.3046875 0.568359375 0.0595703125 0.0634765625
0 0.3037109375 0.8603515625 0.0263671875 0.037109375
0 0.3505859375 0.2060546875 0.111328125 0.09765625
0 0.546875 0.19140625 0.107421875 0.0712890625
0 0.677734375 0.24609375 0.091796875 0.0908203125
0 0.1875 0.7373046875 0.1083984375 0.12890625
0 0.296875 0.7265625 0.091796875 0.080078125
0 0.3798828125 0.630859375 0.044921875 0.0830078125
0 0.751953125 0.5458984375 0.1513671875 0.126953125