0 0.0322265625 0.6806640625 0.041015625 0.0703125
0 0.10546875 0.6923828125 0.0283203125 0.048828125
0 0.5166015625 0.1357421875 0.0849609375 0.0595703125
0 0.904296875 0.7080078125 0.0712890625 0.08203125
0 0.14453125 0.2919921875 0.037109375 0.0322265625
0 0.5888671875 0.2626953125 0.025390625 0.03515625
0 0.248046875 0.1005859375 0.05859375 0.0498046875
0 0.69140625 0.21875 0.08984375 0.0849609375
0 0.2216796875 0.5625 0.1162109375 0.0615234375
0 0.6240234375 0.3857421875 0.0322265625 0.044921875
0 0.5712890625 0.2890625 0.0615234375 0.095703125
0 0.7763671875 0.7197265625 0.03125 0.056640625
0 0.42578125 0.302734375 0.150390625 0.1171875
0 0.525390625 0.1943359375 0.1123046875 0.0390625
0 0.8115234375 0.615234375 0.2353515625 0.078125
0 0.232421875 0.638671875 0.27734375 0.0302734375
0 0.20703125 0.1845703125 0.1201171875 0.0498046875