0 0.515625 0.69921875 0.052734375 0.111328125
0 0.7841796875 0.2822265625 0.0859375 0.12109375
0 0.63671875 0.16015625 0.08203125 0.17578125
0 0.6806640625 0.3212890625 0.046875 0.103515625
0 0.8046875 0.7421875 0.052734375 0.09375
0 0.48046875 0.5859375 0.048828125 0.099609375
0 0.716796875 0.0498046875 0.048828125 0.080078125
0 0.5400390625 0.583984375 0.05859375 0.103515625
0 0.283203125 0.623046875 0.037109375 0.06640625
0 0.494140625 0.841796875 0.056640625 0.099609375
0 0.63671875 0.44921875 0.044921875 0.068359375
0 0.8154296875 0.478515625 0.072265625 0.099609375
0 0.5361328125 0.396484375 0.064453125 0.064453125
0 0.47265625 0.3291015625 0.072265625 0.078125
0 0.373046875 0.3310546875 0.06640625 0.095703125
0 0.2939453125 0.3818359375 0.0546875 0.158203125
0 0.6953125 0.564453125 0.099609375 0.123046875
0 0.5361328125 0.166015625 0.046875 0.060546875