0 0.3818359375 0.4248046875 0.07421875 0.0625
0 0.13671875 0.6728515625 0.072265625 0.13671875
0 0.01953125 0.2373046875 0.0390625 0.1142578125
0 0.6494140625 0.69921875 0.03515625 0.0341796875
0 0.7626953125 0.6357421875 0.044921875 0.07421875
0 0.02734375 0.087890625 0.0546875 0.1005859375
0 0.341796875 0.9423828125 0.0556640625 0.083984375
0 0.2666015625 0.0146484375 0.107421875 0.02734375
0 0.8603515625 0.568359375 0.08203125 0.193359375
0 0.869140625 0.0185546875 0.1552734375 0.0361328125
0 0.02734375 0.5634765625 0.0537109375 0.2021484375
0 0.2216796875 0.9404296875 0.0283203125 0.0322265625
0 0.451171875 0.974609375 0.0732421875 0.05078125
0 0.25 0.8916015625 0.060546875 0.076171875
0 0.4189453125 0.5634765625 0.072265625 0.09375
0 0.5849609375 0.408203125 0.1728515625 0.0849609375
0 0.4912109375 0.654296875 0.1494140625 0.0458984375
0 0.6689453125 0.6259765625 0.0888671875 0.0771484375
0 0.7919921875 0.36328125 0.0615234375 0.1025390625