0 0.7626953125 0.248046875 0.03515625 0.060546875
0 0.8427734375 0.291015625 0.03515625 0.0390625
0 0.7880859375 0.146484375 0.03515625 0.0390625
0 0.4130859375 0.576171875 0.037109375 0.076171875
0 0.44921875 0.18359375 0.0234375 0.02734375
0 0.5126953125 0.6787109375 0.03125 0.06640625
0 0.3564453125 0.6162109375 0.02734375 0.05078125
0 0.634765625 0.2509765625 0.02734375 0.03515625
0 0.16015625 0.39453125 0.037109375 0.087890625
0 0.6484375 0.443359375 0.03125 0.048828125
0 0.2626953125 0.0224609375 0.037109375 0.04296875
0 0.3974609375 0.6806640625 0.03125 0.07421875
0 0.6669921875 0.78515625 0.0390625 0.078125
0 0.45703125 0.5947265625 0.0390625 0.083984375
0 0.4130859375 0.4423828125 0.12109375 0.11328125
0 0.5751953125 0.6083984375 0.052734375 0.087890625
0 0.8720703125 0.119140625 0.046875 0.08203125