0 0.6171875 0.4228515625 0.076171875 0.064453125
0 0.8662109375 0.666015625 0.07421875 0.138671875
0 0.9755859375 0.228515625 0.041015625 0.115234375
0 0.3544921875 0.7021484375 0.03515625 0.03515625
0 0.2392578125 0.640625 0.046875 0.07421875
0 0.9658203125 0.080078125 0.056640625 0.1015625
0 0.666015625 0.939453125 0.056640625 0.083984375
0 0.7236328125 0.0126953125 0.107421875 0.025390625
0 0.140625 0.57421875 0.0859375 0.1953125
0 0.1220703125 0.025390625 0.15625 0.0390625
0 0.97265625 0.5546875 0.0546875 0.203125
0 0.7861328125 0.935546875 0.029296875 0.033203125
0 0.556640625 0.9736328125 0.07421875 0.052734375
0 0.7568359375 0.88671875 0.0625 0.078125
0 0.58203125 0.5625 0.07421875 0.095703125
0 0.4130859375 0.41015625 0.173828125 0.087890625
0 0.51171875 0.654296875 0.150390625 0.048828125
0 0.3330078125 0.62890625 0.08984375 0.078125
0 0.2060546875 0.3681640625 0.0625 0.103515625