0 0.2421875 0.662109375 0.04296875 0.05078125
0 0.2412109375 0.80078125 0.0234375 0.03515625
0 0.7109375 0.7314453125 0.048828125 0.044921875
0 0.4736328125 0.580078125 0.109375 0.107421875
0 0.7734375 0.6328125 0.068359375 0.103515625
0 0.337890625 0.240234375 0.083984375 0.05859375
0 0.5419921875 0.357421875 0.056640625 0.0390625
0 0.6787109375 0.3935546875 0.0703125 0.048828125
0 0.6650390625 0.611328125 0.1015625 0.05859375
0 0.228515625 0.5498046875 0.041015625 0.046875
0 0.353515625 0.5966796875 0.09375 0.05078125
0 0.505859375 0.8740234375 0.232421875 0.052734375
0 0.70703125 0.29296875 0.06640625 0.05078125
0 0.5146484375 0.265625 0.06640625 0.060546875