0 0.5380859375 0.31640625 0.056640625 0.05859375
0 0.6875 0.8369140625 0.05859375 0.076171875
0 0.275390625 0.822265625 0.056640625 0.076171875
0 0.4638671875 0.9169921875 0.138671875 0.103515625
0 0.380859375 0.462890625 0.107421875 0.1875
0 0.169921875 0.755859375 0.06640625 0.0625
0 0.2509765625 0.5537109375 0.109375 0.0625
0 0.6689453125 0.5546875 0.09375 0.08984375
0 0.7197265625 0.646484375 0.07421875 0.072265625
0 0.634765625 0.6953125 0.08984375 0.078125
0 0.2216796875 0.6640625 0.16796875 0.08984375
0 0.47265625 0.615234375 0.0859375 0.068359375
0 0.783203125 0.8837890625 0.0546875 0.05859375
0 0.7314453125 0.7412109375 0.068359375 0.0625
0 0.8037109375 0.638671875 0.07421875 0.0703125
0 0.580078125 0.9638671875 0.08984375 0.05859375
0 0.4501953125 0.248046875 0.05859375 0.080078125
0 0.4853515625 0.146484375 0.041015625 0.048828125