0 0.248046875 0.6708984375 0.041015625 0.048828125
0 0.251953125 0.8095703125 0.021484375 0.0341796875
0 0.71875 0.7236328125 0.046875 0.0439453125
0 0.4765625 0.5810546875 0.1064453125 0.103515625
0 0.7783203125 0.623046875 0.064453125 0.1005859375
0 0.3291015625 0.24609375 0.0830078125 0.0556640625
0 0.537109375 0.3564453125 0.0546875 0.0380859375
0 0.6748046875 0.3876953125 0.0693359375 0.0458984375
0 0.6689453125 0.60546875 0.099609375 0.0556640625
0 0.23046875 0.5595703125 0.0390625 0.0458984375
0 0.357421875 0.6015625 0.0927734375 0.0478515625
0 0.5185546875 0.8740234375 0.23046875 0.044921875
0 0.69921875 0.2861328125 0.064453125 0.048828125
0 0.5068359375 0.265625 0.064453125 0.05859375