0 0.84765625 0.775390625 0.037109375 0.052734375
0 0.44921875 0.28125 0.0390625 0.064453125
0 0.8955078125 0.6865234375 0.033203125 0.06640625
0 0.1904296875 0.6337890625 0.041015625 0.05078125
0 0.912109375 0.5517578125 0.080078125 0.185546875
0 0.1259765625 0.509765625 0.05859375 0.09375
0 0.275390625 0.4990234375 0.080078125 0.078125
0 0.21484375 0.78125 0.07421875 0.091796875
0 0.533203125 0.4921875 0.2265625 0.1875
0 0.7392578125 0.4775390625 0.109375 0.052734375
0 0.8408203125 0.59375 0.0859375 0.05078125
0 0.33203125 0.626953125 0.099609375 0.0546875
0 0.478515625 0.904296875 0.091796875 0.056640625
0 0.6767578125 0.224609375 0.08203125 0.078125