0 0.53125 0.3154296875 0.0546875 0.056640625
0 0.69921875 0.830078125 0.056640625 0.07421875
0 0.287109375 0.830078125 0.0546875 0.0751953125
0 0.478515625 0.91796875 0.1357421875 0.099609375
0 0.3798828125 0.466796875 0.1015625 0.1845703125
0 0.1787109375 0.767578125 0.0634765625 0.060546875
0 0.2529296875 0.5625 0.1064453125 0.0595703125
0 0.6708984375 0.548828125 0.0908203125 0.0859375
0 0.724609375 0.638671875 0.0712890625 0.0693359375
0 0.6416015625 0.6904296875 0.0869140625 0.0751953125
0 0.2275390625 0.673828125 0.1650390625 0.083984375
0 0.4765625 0.6162109375 0.0830078125 0.0654296875
0 0.796875 0.8740234375 0.052734375 0.0576171875
0 0.7392578125 0.7333984375 0.0654296875 0.060546875
0 0.80859375 0.6279296875 0.0712890625 0.068359375
0 0.5966796875 0.9609375 0.0888671875 0.0556640625
0 0.44140625 0.25 0.056640625 0.078125
0 0.47265625 0.1474609375 0.0390625 0.0478515625