0 0.7841796875 0.55078125 0.037109375 0.068359375
0 0.15234375 0.4560546875 0.037109375 0.0498046875
0 0.8857421875 0.44140625 0.02734375 0.0478515625
0 0.7626953125 0.6396484375 0.0341796875 0.056640625
0 0.6943359375 0.4482421875 0.0341796875 0.0537109375
0 0.8525390625 0.5302734375 0.03125 0.0390625
0 0.6923828125 0.5830078125 0.0625 0.095703125
0 0.8193359375 0.681640625 0.05078125 0.083984375
0 0.916015625 0.205078125 0.0185546875 0.0341796875
0 0.8984375 0.3623046875 0.03125 0.048828125
0 0.822265625 0.537109375 0.0244140625 0.041015625
0 0.21484375 0.3818359375 0.044921875 0.07421875
0 0.541015625 0.44921875 0.0654296875 0.0869140625
0 0.150390625 0.6923828125 0.0341796875 0.046875
0 0.107421875 0.6181640625 0.0283203125 0.0615234375
0 0.3095703125 0.42578125 0.0498046875 0.07421875
0 0.32421875 0.6171875 0.0224609375 0.0439453125
0 0.1806640625 0.53515625 0.06640625 0.0673828125
0 0.236328125 0.6494140625 0.0283203125 0.0576171875
0 0.3837890625 0.8916015625 0.037109375 0.0322265625
0 0.5302734375 0.8427734375 0.0302734375 0.048828125