0 0.8681640625 0.5888671875 0.029296875 0.041015625
0 0.88671875 0.5078125 0.03125 0.044921875
0 0.845703125 0.4150390625 0.0380859375 0.0615234375
0 0.9287109375 0.4609375 0.0234375 0.0302734375
0 0.1875 0.4130859375 0.0302734375 0.0537109375
0 0.6357421875 0.3291015625 0.0205078125 0.0302734375
0 0.39453125 0.4638671875 0.0439453125 0.072265625
0 0.755859375 0.3466796875 0.037109375 0.046875
0 0.7509765625 0.4482421875 0.0458984375 0.0517578125
0 0.8955078125 0.4453125 0.01953125 0.03125
0 0.8291015625 0.5634765625 0.0302734375 0.04296875
0 0.923828125 0.263671875 0.0283203125 0.052734375
0 0.4267578125 0.265625 0.025390625 0.04296875
0 0.17578125 0.31640625 0.0224609375 0.0263671875
0 0.2275390625 0.3505859375 0.0478515625 0.05859375
0 0.6904296875 0.3701171875 0.0283203125 0.0400390625
0 0.1767578125 0.482421875 0.0224609375 0.0419921875
0 0.2255859375 0.5830078125 0.03515625 0.0361328125
0 0.5068359375 0.6337890625 0.0419921875 0.0537109375