0 0.81640625 0.275390625 0.0537109375 0.072265625
0 0.7177734375 0.1513671875 0.0576171875 0.0615234375
0 0.798828125 0.7998046875 0.0400390625 0.0693359375
0 0.880859375 0.5712890625 0.041015625 0.0615234375
0 0.55078125 0.5205078125 0.0400390625 0.046875
0 0.1552734375 0.77734375 0.0283203125 0.0615234375
0 0.763671875 0.6240234375 0.0869140625 0.185546875
0 0.12890625 0.5166015625 0.0322265625 0.0400390625
0 0.6572265625 0.2431640625 0.06640625 0.0673828125
0 0.40625 0.3076171875 0.0302734375 0.046875
0 0.841796875 0.5419921875 0.046875 0.0498046875
0 0.4990234375 0.154296875 0.06640625 0.068359375
0 0.296875 0.2109375 0.1015625 0.15234375
0 0.5849609375 0.416015625 0.03515625 0.044921875
0 0.453125 0.4873046875 0.0361328125 0.0771484375
0 0.515625 0.318359375 0.0546875 0.13671875
0 0.279296875 0.5341796875 0.154296875 0.0751953125