0 0.63671875 0.3232421875 0.0546875 0.0703125
0 0.52734375 0.7412109375 0.0625 0.076171875
0 0.7890625 0.876953125 0.2734375 0.24609375
0 0.611328125 0.6005859375 0.048828125 0.041015625
0 0.3515625 0.9716796875 0.052734375 0.044921875
0 0.3955078125 0.4697265625 0.033203125 0.044921875
0 0.53125 0.9599609375 0.171875 0.080078125
0 0.50390625 0.3837890625 0.064453125 0.05078125
0 0.5224609375 0.4560546875 0.080078125 0.060546875
0 0.37109375 0.5205078125 0.0625 0.029296875
0 0.7158203125 0.578125 0.103515625 0.10546875
0 0.615234375 0.5087890625 0.033203125 0.02734375
0 0.2470703125 0.546875 0.037109375 0.044921875