0 0.5390625 0.2548828125 0.0771484375 0.095703125
0 0.369140625 0.8740234375 0.0263671875 0.044921875
0 0.1533203125 0.5703125 0.0361328125 0.0439453125
0 0.259765625 0.6474609375 0.0751953125 0.0859375
0 0.3251953125 0.8037109375 0.021484375 0.0341796875
0 0.2197265625 0.802734375 0.0302734375 0.0380859375
0 0.302734375 0.8505859375 0.0205078125 0.033203125
0 0.7861328125 0.7578125 0.03515625 0.068359375
0 0.89453125 0.01953125 0.0791015625 0.0380859375
0 0.1826171875 0.6279296875 0.029296875 0.0322265625
0 0.5244140625 0.4482421875 0.0771484375 0.0546875
0 0.7568359375 0.599609375 0.13671875 0.1435546875
0 0.3818359375 0.23828125 0.0712890625 0.087890625
0 0.322265625 0.552734375 0.1328125 0.0693359375
0 0.3720703125 0.7470703125 0.0869140625 0.0576171875
0 0.4697265625 0.5625 0.0810546875 0.052734375
0 0.5390625 0.884765625 0.0712890625 0.04296875