0 0.23828125 0.9462890625 0.041015625 0.0439453125
0 0.6748046875 0.9697265625 0.029296875 0.0302734375
0 0.7568359375 0.2021484375 0.0732421875 0.09375
0 0.720703125 0.9267578125 0.0478515625 0.0556640625
0 0.5947265625 0.7236328125 0.0283203125 0.0419921875
0 0.685546875 0.11328125 0.0419921875 0.044921875
0 0.1005859375 0.21875 0.046875 0.0302734375
0 0.5576171875 0.0322265625 0.037109375 0.0322265625
0 0.873046875 0.2099609375 0.0244140625 0.0361328125
0 0.111328125 0.6650390625 0.0322265625 0.0390625
0 0.025390625 0.466796875 0.0341796875 0.0458984375
0 0.021484375 0.5224609375 0.0361328125 0.05078125
0 0.888671875 0.7099609375 0.052734375 0.10546875