0 0.8154296875 0.3056640625 0.048828125 0.0703125
0 0.8251953125 0.5673828125 0.0654296875 0.08203125
0 0.5458984375 0.548828125 0.0478515625 0.0537109375
0 0.193359375 0.57421875 0.0693359375 0.0751953125
0 0.3154296875 0.2158203125 0.142578125 0.12109375
0 0.7080078125 0.1806640625 0.0546875 0.0556640625
0 0.7861328125 0.8427734375 0.0390625 0.0546875
0 0.1083984375 0.5498046875 0.04296875 0.0576171875
0 0.1474609375 0.8232421875 0.0322265625 0.0634765625
0 0.423828125 0.9775390625 0.0478515625 0.044921875
0 0.9765625 0.5029296875 0.0380859375 0.150390625
0 0.4052734375 0.328125 0.05078125 0.0615234375
0 0.150390625 0.63671875 0.03515625 0.046875
0 0.4873046875 0.1669921875 0.068359375 0.0849609375
0 0.5029296875 0.3125 0.068359375 0.060546875
0 0.6767578125 0.2724609375 0.087890625 0.076171875
0 0.6328125 0.138671875 0.0556640625 0.0517578125
0 0.748046875 0.67578125 0.1171875 0.080078125