0 0.7607421875 0.607421875 0.037109375 0.0361328125
0 0.0673828125 0.2314453125 0.037109375 0.0703125
0 0.2841796875 0.1474609375 0.0322265625 0.033203125
0 0.0869140625 0.4423828125 0.0244140625 0.03515625
0 0.46484375 0.2998046875 0.04296875 0.033203125
0 0.7353515625 0.142578125 0.0478515625 0.07421875
0 0.31640625 0.2529296875 0.046875 0.0751953125
0 0.3076171875 0.3740234375 0.064453125 0.0615234375
0 0.404296875 0.20703125 0.072265625 0.064453125
0 0.5673828125 0.2197265625 0.068359375 0.0576171875
0 0.5380859375 0.28125 0.08984375 0.0302734375
0 0.525390625 0.33984375 0.029296875 0.0478515625
0 0.3408203125 0.6220703125 0.1875 0.076171875
0 0.5 0.1552734375 0.115234375 0.041015625