0 0.7119140625 0.87109375 0.05859375 0.076171875
0 0.7275390625 0.71875 0.08203125 0.099609375
0 0.1826171875 0.2744140625 0.0390625 0.05078125
0 0.5361328125 0.3037109375 0.1015625 0.1015625
0 0.6064453125 0.974609375 0.06640625 0.044921875
0 0.82421875 0.443359375 0.08203125 0.072265625
0 0.8642578125 0.6025390625 0.068359375 0.091796875
0 0.462890625 0.1923828125 0.0546875 0.046875
0 0.8837890625 0.5703125 0.03125 0.0390625
0 0.7529296875 0.4375 0.046875 0.056640625
0 0.01953125 0.673828125 0.03515625 0.1171875
0 0.26171875 0.6318359375 0.0390625 0.0625
0 0.8232421875 0.3369140625 0.037109375 0.0390625
0 0.701171875 0.294921875 0.06640625 0.10546875
0 0.431640625 0.8896484375 0.033203125 0.03515625
0 0.634765625 0.85546875 0.033203125 0.037109375
0 0.548828125 0.482421875 0.10546875 0.0390625
0 0.1044921875 0.466796875 0.107421875 0.158203125
0 0.435546875 0.5703125 0.134765625 0.080078125
0 0.3544921875 0.8251953125 0.046875 0.048828125
0 0.1845703125 0.765625 0.1171875 0.0703125
0 0.1611328125 0.91796875 0.119140625 0.0703125
0 0.751953125 0.5244140625 0.15625 0.068359375