0 0.708984375 0.6982421875 0.0439453125 0.037109375
0 0.8193359375 0.845703125 0.0498046875 0.0439453125
0 0.455078125 0.638671875 0.3212890625 0.2470703125
0 0.1103515625 0.94140625 0.107421875 0.109375
0 0.74609375 0.275390625 0.080078125 0.0966796875
0 0.287109375 0.2236328125 0.119140625 0.1201171875
0 0.7353515625 0.6298828125 0.0673828125 0.0888671875
0 0.0615234375 0.6708984375 0.080078125 0.0947265625
0 0.802734375 0.5791015625 0.0693359375 0.06640625
0 0.3505859375 0.98828125 0.0634765625 0.0224609375
0 0.955078125 0.302734375 0.0791015625 0.18359375
0 0.4306640625 0.1650390625 0.0859375 0.0830078125
0 0.875 0.712890625 0.1298828125 0.091796875
0 0.4296875 0.3154296875 0.13671875 0.0576171875