0 0.2626953125 0.341796875 0.046875 0.046875
0 0.2138671875 0.6533203125 0.04296875 0.05078125
0 0.7646484375 0.3173828125 0.033203125 0.041015625
0 0.4169921875 0.4033203125 0.037109375 0.033203125
0 0.70703125 0.6767578125 0.126953125 0.111328125
0 0.5009765625 0.4765625 0.056640625 0.060546875
0 0.4814453125 0.279296875 0.10546875 0.0625
0 0.513671875 0.3388671875 0.056640625 0.037109375
0 0.576171875 0.4130859375 0.080078125 0.0625
0 0.677734375 0.39453125 0.046875 0.03125
0 0.5673828125 0.3046875 0.044921875 0.044921875
0 0.58203125 0.2578125 0.078125 0.0546875
0 0.6962890625 0.30859375 0.060546875 0.05078125
0 0.330078125 0.384765625 0.060546875 0.060546875
0 0.259765625 0.7529296875 0.09375 0.09765625
0 0.3310546875 0.6982421875 0.033203125 0.0546875
0 0.4013671875 0.638671875 0.056640625 0.048828125
0 0.876953125 0.662109375 0.115234375 0.1328125
0 0.4794921875 0.888671875 0.087890625 0.05078125
0 0.580078125 0.880859375 0.046875 0.037109375
0 0.6943359375 0.896484375 0.064453125 0.052734375
0 0.724609375 0.8447265625 0.0859375 0.041015625
0 0.5107421875 0.6123046875 0.091796875 0.044921875