0 0.2666015625 0.748046875 0.05078125 0.05078125
0 0.2666015625 0.6181640625 0.056640625 0.046875
0 0.1884765625 0.689453125 0.080078125 0.185546875
0 0.79296875 0.3818359375 0.02734375 0.052734375
0 0.740234375 0.16015625 0.06640625 0.06640625
0 0.4365234375 0.19140625 0.048828125 0.046875
0 0.12890625 0.5380859375 0.021484375 0.037109375
0 0.4912109375 0.359375 0.08984375 0.107421875
0 0.521484375 0.12890625 0.083984375 0.08203125
0 0.671875 0.6572265625 0.03125 0.056640625
0 0.72265625 0.6201171875 0.0703125 0.05859375
0 0.267578125 0.259765625 0.03125 0.037109375
0 0.796875 0.7802734375 0.0390625 0.0859375
0 0.4609375 0.2763671875 0.091796875 0.068359375
0 0.5810546875 0.236328125 0.111328125 0.12890625
0 0.3505859375 0.3515625 0.072265625 0.107421875
0 0.3662109375 0.2216796875 0.046875 0.10546875
0 0.5205078125 0.62890625 0.150390625 0.09375
0 0.6923828125 0.7421875 0.080078125 0.0546875
0 0.8310546875 0.2822265625 0.06640625 0.072265625
0 0.6494140625 0.095703125 0.037109375 0.046875