0 0.2578125 0.580078125 0.09375 0.076171875
0 0.322265625 0.8515625 0.05078125 0.0625
0 0.4248046875 0.7529296875 0.02734375 0.044921875
0 0.9609375 0.521484375 0.064453125 0.087890625
0 0.85546875 0.591796875 0.109375 0.134765625
0 0.7607421875 0.7666015625 0.033203125 0.044921875
0 0.908203125 0.69921875 0.0390625 0.083984375
0 0.6298828125 0.0625 0.078125 0.107421875
0 0.5263671875 0.3134765625 0.0546875 0.0703125
0 0.1533203125 0.2236328125 0.03125 0.033203125
0 0.404296875 0.5361328125 0.052734375 0.076171875
0 0.095703125 0.544921875 0.037109375 0.072265625
0 0.3388671875 0.0546875 0.05078125 0.09375
0 0.65625 0.923828125 0.05078125 0.0703125
0 0.4697265625 0.46875 0.0234375 0.033203125
0 0.701171875 0.5537109375 0.041015625 0.052734375
0 0.162109375 0.5693359375 0.0625 0.05859375
0 0.1826171875 0.6796875 0.1796875 0.115234375
0 0.55859375 0.900390625 0.078125 0.056640625
0 0.71875 0.2353515625 0.11328125 0.05859375
0 0.40234375 0.1865234375 0.056640625 0.0390625