0 0.2626953125 0.744140625 0.05078125 0.05078125
0 0.2646484375 0.6142578125 0.056640625 0.0458984375
0 0.185546875 0.68359375 0.076171875 0.1845703125
0 0.794921875 0.38671875 0.0263671875 0.0517578125
0 0.74609375 0.1640625 0.0654296875 0.064453125
0 0.4423828125 0.1904296875 0.048828125 0.046875
0 0.1279296875 0.53125 0.021484375 0.0361328125
0 0.494140625 0.359375 0.087890625 0.10546875
0 0.5283203125 0.12890625 0.0830078125 0.080078125
0 0.6689453125 0.66015625 0.0302734375 0.056640625
0 0.720703125 0.6240234375 0.068359375 0.0576171875
0 0.271484375 0.255859375 0.03125 0.037109375
0 0.7919921875 0.78515625 0.037109375 0.0849609375
0 0.46484375 0.275390625 0.08984375 0.06640625
0 0.5859375 0.2373046875 0.1083984375 0.1279296875
0 0.353515625 0.3486328125 0.0703125 0.10546875
0 0.37109375 0.2197265625 0.0458984375 0.10546875
0 0.5185546875 0.62890625 0.1484375 0.0908203125
0 0.6884765625 0.7451171875 0.0791015625 0.052734375
0 0.8349609375 0.2880859375 0.064453125 0.0712890625
0 0.65625 0.0986328125 0.0361328125 0.0458984375