0 0.0888671875 0.5234375 0.05859375 0.072265625
0 0.896484375 0.7216796875 0.03515625 0.046875
0 0.66015625 0.8779296875 0.0390625 0.04296875
0 0.6396484375 0.66796875 0.033203125 0.046875
0 0.5087890625 0.2587890625 0.0390625 0.046875
0 0.8857421875 0.798828125 0.052734375 0.080078125
0 0.65234375 0.9501953125 0.037109375 0.029296875
0 0.9365234375 0.6572265625 0.03515625 0.048828125
0 0.0400390625 0.66015625 0.080078125 0.205078125
0 0.8642578125 0.8369140625 0.0234375 0.029296875
0 0.0361328125 0.16796875 0.0546875 0.13671875
0 0.193359375 0.6318359375 0.10546875 0.1796875
0 0.8779296875 0.619140625 0.0390625 0.046875
0 0.7978515625 0.9365234375 0.0234375 0.03125
0 0.337890625 0.6953125 0.033203125 0.0390625
0 0.7216796875 0.61328125 0.060546875 0.06640625
0 0.0185546875 0.3076171875 0.03125 0.10546875
0 0.4375 0.2607421875 0.03515625 0.04296875
0 0.62890625 0.72265625 0.029296875 0.029296875
0 0.8388671875 0.830078125 0.029296875 0.029296875
0 0.384765625 0.91015625 0.09765625 0.072265625
0 0.8486328125 0.337890625 0.111328125 0.060546875
0 0.6337890625 0.4794921875 0.0625 0.0390625
0 0.3740234375 0.48046875 0.07421875 0.048828125
0 0.2890625 0.603515625 0.048828125 0.076171875
0 0.8349609375 0.5361328125 0.080078125 0.0546875
0 0.7099609375 0.5439453125 0.1015625 0.064453125