0 0.6171875 0.7939453125 0.05859375 0.0927734375
0 0.677734375 0.2119140625 0.03515625 0.0546875
0 0.15625 0.3056640625 0.0498046875 0.072265625
0 0.509765625 0.59375 0.060546875 0.1015625
0 0.34375 0.7822265625 0.0244140625 0.04296875
0 0.6513671875 0.451171875 0.048828125 0.072265625
0 0.755859375 0.6748046875 0.0556640625 0.087890625
0 0.2109375 0.9873046875 0.04296875 0.025390625
0 0.2119140625 0.47265625 0.0361328125 0.0615234375
0 0.51953125 0.3515625 0.115234375 0.09375
0 0.72265625 0.2998046875 0.060546875 0.0625
0 0.369140625 0.6533203125 0.14453125 0.1416015625
0 0.423828125 0.44921875 0.111328125 0.099609375
0 0.6171875 0.58984375 0.052734375 0.142578125
0 0.43359375 0.794921875 0.06640625 0.076171875
0 0.517578125 0.701171875 0.095703125 0.068359375
0 0.748046875 0.431640625 0.0458984375 0.1103515625