0 0.7509765625 0.6708984375 0.041015625 0.0859375
0 0.4443359375 0.708984375 0.05078125 0.087890625
0 0.46875 0.978515625 0.03125 0.04296875
0 0.94140625 0.5498046875 0.052734375 0.099609375
0 0.6806640625 0.5947265625 0.04296875 0.0625
0 0.677734375 0.0146484375 0.04296875 0.029296875
0 0.876953125 0.4140625 0.052734375 0.091796875
0 0.416015625 0.0126953125 0.03515625 0.017578125
0 0.9853515625 0.626953125 0.029296875 0.078125
0 0.2041015625 0.0478515625 0.0703125 0.0703125
0 0.462890625 0.5244140625 0.0859375 0.1171875
0 0.66015625 0.3896484375 0.044921875 0.07421875